406012501,CA,0.0,0.0,0.0,0.0,0.0,0.0,0.0,0.0,0.0,0.0,0.0,0.0,0.0,0.0,0.0,0.0,0.0,0.0,0.0,0.0,0.0,0.0,5065654.0,2.5846835E7,2.2884323E7,2.0021062E7,7107648.0
406035705,CA,0.0,0.0,0.0,0.0,17222.0,63579.0,97966.0,446124.0,675518.0,3591315.0,7051857.0,1.0304765632E7,1.2840895E7,1.5852990307999998E7,1.153740211E7,9382212.0,1.02855768E7,1.04608564E7,1.44924346E7,1.38316221E7,1.2651905E7,1.0520454E7,400327.0,0.0,0.0,0.0,0.0
406035705,OH,0.0,0.0,0.0,0.0,128987.0,361471.0,792146.0,2187205.0,2574162.0,6008687.0,8479091.0,1.2075493E7,1.2053403E7,2.0625808E7,1.4427689998E7,5569730.493000001,3069277.5,2999570.0,1.23505824E7,9635660.0,9528667.9,7254888.5,376445.0,0.0,2410.0,34492.0,0.0
45065960,CA,0.0,0.0,0.0,76668.0,3746471.0,1.1650398E7,1.460555E7,1.6368176E7,1.6388429E7,1.7530817E7,1.2537902E7,1253688.0,326364.0,242322.0,58333.0,45145.0,36731.0,23729.0,8162.0,357.0,19.0,0.0,0.0,0.0,0.0,0.0,0.0
54457125,CA,310525.0,117288.0,545258.0,476107.0,1149776.0,1319721.0,1766064.0,2194054.0,2638269.0,3076731.0,3504213.0,3697987.418,4627085.0,5462063.0,3637638.0,3296532.0,3658055.0,4051342.5,5817698.5,6898864.5,7855585.5,5855433.5,4241702.658,2971669.0,2544397.0,1614449.5,432861.0
591034905,CA,0.0,0.0,0.0,0.0,0.0,0.0,0.0,0.0,0.0,0.0,4292006.0,1.2740397167E7,1.4726197809999999E7,1.573396775E7,8174986.61,1.183400554E7,1.2914259293000001E7,1.33175718E7,1.6503704815E7,1.80820283E7,1.4454518E7,1.1055872E7,1070793.0,0.0,28.0,0.0,0.0
591038705,MI,0.0,0.0,0.0,0.0,0.0,0.0,0.0,0.0,0.0,54615.0,2361189.0,2967961.5,3683021.2,4965554.0,925584.4,1231358.0,1174309.0,1206551.0,1.403828559E7,1.9932784E7,1.95178729E7,1.4207522E7,888884.0,0.0,0.0,0.0,0.0
60951071270,NY,0.0,0.0,0.0,0.0,0.0,0.0,0.0,0.0,0.0,0.0,0.0,46720.0,962509.0,1666222.0,1770651.0,2689374.0,4113988.6,7339224.2,9694316.0,9834528.464,9274112.46,4942845.375,5807003.261,5610790.12,6304944.0,4780264.0,1489512.0
65162062711,CA,0.0,0.0,0.0,0.0,0.0,0.0,0.0,0.0,0.0,0.0,0.0,0.0,0.0,0.0,0.0,628179.0,5894497.0,7403577.6,1.32459445E7,1.7498372E7,1.3823858E7,1.0598424E7,1.4255071106E7,1.237731E7,1.21673E7,1.24901085E7,3687732.0
93015010,CA,0.0,0.0,0.0,8617465.0,1.6986189E7,1.5423321E7,1.9255219E7,2.0130092E7,2.0573886E7,1.8955966E7,1.3892637E7,9627349.379,7925035.0,5607996.0,4505078.0,4922120.0,4334747.0,4222004.28,2346990.0,2319953.0,1871873.0,2595087.0,2818384.0,3991258.0,4811313.0,3356697.0,549492.0
