2438590526,CA,0.0,0.0,0.0,0.0,0.0,0.0,0.0,139392.0,384470.0,242250.0,290958.0,501932.958,339494.0,229011.0,187313.0,292833.0,171975.0,100098.0,436240.0,811996.0,1454114.0,1831269.0,1741209.0,3154251.0,2339267.4000000004,2856095.0,1746588.0
4948338710,CA,0.0,0.0,0.0,0.0,0.0,0.0,0.0,0.0,0.0,0.0,0.0,0.0,0.0,0.0,0.0,0.0,0.0,0.0,0.0,0.0,0.0,0.0,0.0,0.0,8462614.0,1.0250564E7,1871173.0
6348168447,CT,0.0,0.0,0.0,0.0,0.0,0.0,0.0,0.0,0.0,0.0,0.0,0.0,0.0,0.0,0.0,0.0,0.0,17601.0,126700.0,110500.0,589803.0,1447400.0,2332900.0,3135601.0,3682100.0,4395700.0,2495800.0
6348168447,FL,0.0,0.0,0.0,0.0,0.0,0.0,0.0,0.0,0.0,0.0,0.0,0.0,0.0,0.0,0.0,0.0,0.0,12700.0,649976.0,1058590.0,4561403.0,1.07978041E7,1.4205219E7,1.5791966E7,1.401006E7,1.3079466E7,7071039.42
6348168447,NC,0.0,0.0,0.0,0.0,0.0,0.0,0.0,0.0,0.0,0.0,0.0,0.0,0.0,0.0,0.0,0.0,0.0,102900.0,302900.0,375902.0,2084600.0,4464980.0,5394388.0,5899008.0,4666437.0,5423147.0,2695110.0
6348168447,NY,0.0,0.0,0.0,0.0,0.0,0.0,0.0,0.0,0.0,0.0,0.0,0.0,0.0,0.0,0.0,0.0,0.0,73900.0,999800.0,4306730.0,7179875.2020000005,2.3586459036E7,2.2292323585000005E7,1.5050907333999999E7,6964665.555000001,1636480.665,730951.673
6348168447,TX,0.0,0.0,0.0,0.0,0.0,0.0,0.0,0.0,0.0,0.0,0.0,0.0,0.0,0.0,0.0,0.0,0.0,0.0,42091.0,376755.0,2923655.92,6920837.000000001,3602591.0,3392001.0,2903019.44,703181.0,169100.0
6348168447,WI,0.0,0.0,0.0,0.0,0.0,0.0,0.0,0.0,0.0,0.0,0.0,0.0,0.0,0.0,0.0,0.0,0.0,22100.0,192350.0,128004.0,1274752.75,2553230.0,3708934.216,4157149.787,4449666.0,5125684.809,2444019.0
6516283366,CA,0.0,0.0,0.0,0.0,0.0,0.0,0.0,0.0,0.0,0.0,0.0,0.0,0.0,0.0,0.0,0.0,0.0,0.0,0.0,0.0,0.0,0.0,0.0,0.0,6128530.3,1.38139256E7,7724795.99
6516283366,NY,0.0,0.0,0.0,0.0,0.0,0.0,0.0,0.0,0.0,0.0,0.0,0.0,0.0,0.0,0.0,0.0,0.0,0.0,0.0,0.0,0.0,0.0,0.0,0.0,5631772.568,1.1166957154000003E7,7815056.058
