1366831060,0.0,0.0,0.0,0.0,0.0,0.0,546.0,2380.0
1381165910,0.0,0.0,0.0,0.0,0.0,69659.0,75580.0,2106.0
1381166010,0.0,0.0,0.0,0.0,15010.0,307861.08999999997,241026.0,8038.0
1381166050,0.0,0.0,0.0,0.0,2661.0,117082.0,109365.0,2490.0
1381166160,0.0,0.0,0.0,0.0,0.0,390.0,0.0,0.0
1512722894,113093.0,102961.0,20308.0,12614.0,57824.0,177286.0,243136.0,192701.0
1512724136,4374.0,5657.0,2946.0,9360.0,11177.0,16007.0,7294.0,0.0
1512773810,0.0,0.0,0.0,0.0,0.0,1067.0,0.0,1519.0
1512773821,0.0,0.0,0.0,840.0,0.0,0.0,0.0,0.0
1657110125,953.5,1245.5,1460.5,3511.5,5701.5,3140.5,3072.3,0.0
1657110150,26335.0,33829.4,39309.5,45454.785,57902.524000000005,37320.572,38312.0,8140.0
1657120110,2990587.474,2777838.6240000003,2367329.9189999998,1864853.2,3385607.556,8084220.6,5339862.999,1787184.1230000001
1657120111,980150.182,1199315.9100000001,1039353.221,1187250.4,1717382.6570000001,2611186.9839999997,1361492.903,371122.134
1657120150,363886.345,3092191.0740000005,8417351.896000002,1.0571250062E7,1.2732413601E7,1.435364081E7,1.3891104068E7,6941568.6
1657120210,438531.344,1249398.971,3272435.7010000004,6251380.744999999,7916501.3,1.1644492804E7,1.0200483E7,4365364.0
1657120211,4748.0,29051.0,49911.0,69906.0,119896.0,195706.0,187738.0,37330.0
1657120310,30177.122,78375.0,192908.774,318925.037,541645.853,718966.15,771167.1,370000.0
1747820810,73075.0,128228.701,147933.201,62369.5,9450.7,0.0,0.0,0.0
1747820910,63809.7,101165.0,167239.7,251102.5,290749.5,381951.7,302561.2,134930.0
1747820911,1120.0,1280.0,2861.7,11785.0,23920.5,29173.472999999998,17052.7,6411.0
1747820919,274.0,429.0,745.0,2341.0,5868.0,7988.5,7282.2,2943.0
1747889210,0.0,245.0,5075.495,11048.0,24367.669,54514.518,40086.0,855.0
1747889225,0.0,0.0,438.0,1163.5,2914.0,4000.667,103270.0,60.0
2420831425,9241.167,11546.5,12103.5,13448.5,19266.0,17825.0,12443.0,4603.334
2420845725,2229.67,1940.334,1160.0,1243.0,602.0,1309.5,513.0,0.0
2438542990,334722.0,308028.0,243912.001,212386.0,312694.0,159181.0,144142.0,23595.0
2438549071,0.0,0.0,0.0,2316.0,4358.0,8943.0,9624.098,1081.526
2438549078,3078.0,0.0,2952.0,17083.001,26502.0,26286.0,34665.0,6753.0
2438549958,0.0,0.0,0.0,0.0,0.0,4270.0,3530.0,1920.0
2438554662,6550.0,12956.0,11617.0,23179.0,27229.0,24001.0,46738.0,68507.0
2438555010,31368.0,16930.0,8055.0,8985.0,21677.0,41418.0,37290.0,14060.0
2438560471,14129.0,15091.0,9211.0,8718.0,12726.0,32426.0,36748.0,19578.0
2438560478,79185.0,78242.0,64235.0,55358.0,59467.0,67555.0,62378.0,47087.0
2438560490,24805.0,20058.0,31490.5,55063.0,49071.0,37208.0,115258.0,19162.0
2438564771,6622.0,5437.0,8946.0,5326.0,16449.0,17375.0,20900.0,16364.5
2438564778,14405.0,13727.0,17080.0,28087.0,44159.0,38069.0,30508.0,26363.0
2438590526,2117829.8619999997,2998930.9960000003,3092468.4020000002,3299789.4719999996,6667885.294,5107114.4,6629938.0,2927739.6
2438590534,635104.0,1677655.56,2123068.5,2920468.5,3316811.5,3210564.5,2933962.5,1682002.0
2930012410,782559.806,985650.067,1338682.5019999999,2322578.915,3424702.494,4235413.004,4100951.387,3266071.992
2930012510,1108129.737,1482610.67,2109255.68,4566363.599000001,7541064.952999999,1.0390934628000002E7,1.0263415852999996E7,8810629.834
3172254210,0.0,9270.0,0.0,0.0,0.0,0.0,0.0,0.0
3172256560,0.0,0.0,0.0,12310.0,54500.0,88741.0,60776.0,39528.0
3334215611,0.0,0.0,0.0,0.0,0.0,0.0,44346.0,54592.0
3334215711,0.0,0.0,0.0,0.0,0.0,0.0,214695.5,139770.0
3334215715,0.0,0.0,0.0,0.0,0.0,0.0,96310.0,91126.0
3720528062,0.0,0.0,0.0,0.0,908.0,0.0,5256.0,0.0
3720528078,0.0,0.0,0.0,2630.0,5592.0,7166.0,10632.0,0.0
3720528226,2552942.213,2874333.11,2684319.198,2014247.24,1789007.0,2006689.0,2130972.3,415659.2
3720528326,768967.72,991287.0819999999,1054173.057,823644.86,855969.228,1042584.0,585500.068,47773.0
3720534171,630.0,0.0,4246.0,17649.0,8051.0,63142.0,9725.0,1407.0
3720534178,24026.07,0.0,420.0,1492.0,17908.0,46477.0,76743.0,3842.0
3720534571,5315.0599999999995,8283.03,8261.94,7871.0,9855.0,15149.0,15396.0,2746.0
3720534578,44183.0,30184.0,32406.0,59460.0,95169.0,127067.0,124338.0,21495.0
3720535071,8801.0,15840.0,14770.0,31117.0,21710.0,24005.0,7184.0,0.0
3720535078,144791.03,116781.0,88317.0,9067.0,2095.0,1675.0,28758.0,1240.0
3720535085,5703.0,2613.0,10861.0,2253.0,2125.0,0.0,0.0,0.0
3720535090,10764.0,33296.0,45876.0,27389.0,6769.0,0.0,0.0,0.0
3720540262,0.0,0.0,412.0,0.0,360.0,0.0,0.0,0.0
3720543610,17969.0,16815.0,22530.0,16740.0,8081.0,8465.0,13161.25,6625.0
3720546768,208092.001,208870.97,208229.03,200749.0,295586.0,677590.0,277270.0,63592.0
3720560571,0.0,0.0,0.0,665.0,1170.0,6075.0,5024.0,2522.0
3720564326,2483446.616,3017896.8890000004,2881107.3200000003,2254919.8,1719367.2,2300722.5,2318216.0,443372.0
3720566026,0.0,0.0,6120.0,72959.294,510303.0,702786.0,470321.0,63735.01
3720567090,0.0,0.0,0.0,0.0,0.0,0.0,8632.0,1647.0
3720570868,167501.12099999998,188513.784,194213.377,218470.0,433367.094,405214.0,401085.0,98064.0
3720573657,0.0,0.0,0.0,0.0,0.0,0.0,55500.0,0.0
3720584826,147997.36,304290.88,330327.76,393408.0,555014.456,640175.504,1263508.0,250354.0
3720585262,0.0,0.0,5422.0,1020.0,3145.0,11070.0,17754.0,384.0
4219510090,0.0,0.0,0.0,0.0,0.0,8260.0,70423.0,26700.0
4221110111,181419.2,179831.0,210785.0,194723.0,185934.0,195625.2,228914.4,96232.0
4221110243,0.0,0.0,0.0,0.0,0.0,315.0,140.0,0.0
4221120129,0.0,0.0,0.0,0.0,0.0,0.0,1200.0,0.0
4221120329,0.0,0.0,0.0,12597.0,46944.0,31143.0,17192.0,1890.0
4221120429,0.0,0.0,0.0,70928.0,218777.0,181143.0,111697.0,24598.0
4221120623,0.0,0.0,0.0,0.0,0.0,3384.0,12319.0,1519.0
4257125830,0.0,0.0,0.0,0.0,0.0,0.0,0.0,3474.0
4580249071,0.0,0.0,0.0,0.0,16423.0,99277.0,132237.80599999998,54695.0
4580249078,0.0,0.0,0.0,0.0,0.0,35032.0,94062.0,32484.0
4596312523,27720.0,5460.0,5010.0,10575.0,19920.0,14179.0,11686.5,6246.0
4596312524,3645.0,11655.0,23170.0,34426.0,44788.0,33891.0,27010.0,13242.0
4612211026,0.0,6880.0,8950.0,5581.0,45609.0,336646.0,559918.0,243717.0
4612218076,0.0,0.0,360.0,30477.0,59303.0,105102.0,933841.004,2673357.0
4612218087,0.0,0.0,34708.0,534702.0,711600.0,1066301.0,1677097.0,3440666.0
4612226248,0.0,0.0,0.0,0.0,0.0,0.0,0.0,3783.0
4612226287,0.0,0.0,0.0,0.0,0.0,0.0,0.0,52567.0
4612229278,0.0,0.0,0.0,0.0,0.0,1445.0,4006.0,2771.0
4733522090,0.0,0.0,0.0,0.0,0.0,0.0,0.0,6325.0
4778158368,0.0,0.0,0.0,0.0,0.0,0.0,0.0,290.0
4778158468,0.0,0.0,0.0,0.0,0.0,0.0,82.0,7256.385
4778158568,0.0,0.0,0.0,0.0,0.0,0.0,0.0,2670.25
4934850610,0.0,2058.0,6648.0,8904.0,7672.0,14701.0,38804.0,14139.0
4934893714,14871.0,59625.0,80243.0,54577.0,7217.0,3947.0,0.0,0.0
4934893782,53891.0,99198.0,76412.0,82799.0,185009.0,76480.0,63989.325,305710.0
4934898015,0.0,0.0,0.0,19626.0,330132.0,225442.0,136514.0,906839.0
4934898023,0.0,0.0,113913.0,518707.0,475675.0,502733.0,672730.0,8016661.0
4934898053,0.0,0.0,74865.0,229424.03,278111.0,495150.0,961338.0,2515264.0
4934898115,0.0,0.0,0.0,691.0,5991.0,51644.0,26195.0,1153979.0
4948333010,521541.36,1238858.88,1292907.18,895831.0,1370393.0,669574.0,180011.0,570.0
4948333110,0.0,8366.0,15076.0,23971.0,24864.0,23749.0,22749.0,11320.0
4948333463,840.15,8276.0,0.0,0.0,0.0,3380.0,31257.0,4889.0
4948338710,0.0,0.0,0.0,85687.0,379955.0,9141241.0,1.1230357E7,2535173.0
4948338712,0.0,30731.0,34759.0,31065.0,42401.0,274769.0,549135.0,58600.0
4948348110,0.0,0.0,0.0,0.0,0.0,0.0,0.0,3039025.0
4948348112,0.0,0.0,0.0,0.0,0.0,0.0,0.0,36724.0
4988493547,0.0,0.0,0.0,0.0,0.0,5887678.917,2.3203654408E7,1.3632018741E7
5038358416,0.0,0.0,0.0,0.0,0.0,0.0,1.8191963396E7,3.4428183653000005E7
5107919020,1147.0,789.0,372.0,0.0,1390.0,2786.001,0.0,0.0
5107919120,0.0,0.0,0.0,1034.0,768.0,5141.0,0.0,0.0
5107921520,0.0,0.0,0.0,0.0,0.0,0.0,42.0,85.0
5107946620,0.0,0.0,0.0,0.0,0.0,0.0,11.0,0.0
5167213582,0.0,0.0,0.0,0.0,11850.0,55270.0,14800.0,45000.0
5167213637,0.0,0.0,0.0,0.0,0.0,129683.99100000001,1304807.5820000002,251895.796
5167240161,416374.606,403791.0,368317.5,377720.1,277029.0,171285.497,119598.90299999999,42471.0
5167240171,602297.5549999999,731089.0,606817.425,604762.98,561930.4010000001,367583.2,278982.0,94590.0
5167240181,2760222.902,2954004.803,2472913.791,2353164.352,2194834.0,1559916.0,1456539.0,548773.0
5167240361,836295.31,1001545.0,888443.85,583663.0,562837.0,781776.0,624347.0,242456.0
5167240511,126332.225,76251.0,69413.88,23968.0,7612.0,10805.0,16400.0,1682.0
5167240514,79994.071,65092.97,31496.059999999998,13249.661,19825.41,37101.394,30220.076,9766.208999999999
5167240521,116663.15,118403.0,65921.94,16843.0,3768.0,5288.0,6050.0,2496.0
5167240524,20980.15,10705.0,11460.0,11064.288,11936.0,19896.0,6739.0,2464.0
5167240531,42490.0,21095.0,17819.059999999998,3794.0,6198.0,11609.0,12616.0,3317.0
5167240534,9608.0,12155.0,11752.029999999999,8883.097,8984.024,11562.509,11975.794,2655.226
5199183933,0.0,0.0,0.0,0.0,3577.0,9161.0,20990.6,6995.0
5260514010,0.0,0.0,111566.0,31128.0,740.0,0.0,0.0,0.0
5374614010,119052.001,118381.0,135923.03,121488.12,140509.0,113227.0,112112.0,47446.0
5374618810,102605.0,102216.992,110189.0,237167.0,164370.0,149653.0,58702.0,12197.0
5374618910,99054.29000000001,171179.77000000002,200778.03,288404.0,271541.0,176360.0,66459.0,20486.0
5374619010,9369471.530000001,1.2245946553000001E7,1.2941970010000002E7,1.7283594755000003E7,9525479.701000001,3087618.0439999998,1438119.0,391758.0
5374646550,0.0,1647.0,0.0,0.0,101.0,0.0,0.0,0.0
5374646560,2092.0,0.0,0.0,0.0,89763.0,14325.0,14695.0,9463.0
5374646590,17200.0,2458.0,0.0,0.0,0.0,0.0,0.0,0.0
5374646650,132236.0,10541.0,2723.0,0.0,0.0,0.0,0.0,0.0
5374646690,79683.0,94697.0,89665.0,123195.0,185418.0,193404.0,200456.0,102067.0
5445896410,2100058.584,2602764.955,3016091.8819999998,4717069.001,6106466.002,6725671.0,4305456.0,860.0
5445896416,0.0,0.0,0.0,0.0,0.0,0.0,2879135.0,1168587.0
5445896510,1273147.762,1507379.075,1634649.703,2443002.0,2980540.0,3051864.0,2014462.0,0.0
5445896516,0.0,0.0,0.0,0.0,0.0,0.0,1491413.0,604142.0
5511168330,2490.0,510.0,0.0,0.0,0.0,0.0,0.0,0.0
5511168350,1808.0,0.0,0.0,0.0,0.0,0.0,2437.0,0.0
5511168430,5320.0,16017.09,26115.0,1545.0,0.0,0.0,0.0,0.0
5511168450,0.0,2250.0,23836.0,0.0,2413.0,680.0,0.0,0.0
5511168460,0.0,1579.96,891.0,0.0,2637.0,0.0,0.0,0.0
5789690110,0.0,0.0,0.0,0.0,0.0,0.0,1184.0,0.0
5789691136,0.0,0.0,0.0,0.0,0.0,0.0,193.0,0.0
5789692110,0.0,0.0,0.0,0.0,0.0,0.0,471.0,0.0
5789698110,0.0,0.0,0.0,0.0,0.0,0.0,261.0,0.0
5908837210,0.0,0.0,0.0,0.0,0.0,21900.0,4200.0,0.0
5963040030,40790.0,3957.0,0.0,0.0,486.0,412.0,0.0,0.0
5963085075,0.0,0.0,14960.0,22504.0,3137.0,0.0,0.0,0.0
5974637960,0.0,0.0,0.0,0.0,0.0,0.0,80464.0,5640.0
5974637990,0.0,0.0,0.0,0.0,0.0,0.0,30520.0,47795.0
5976215161,0.0,0.0,0.0,3630.0,386251.0,239826.0,148229.0,57905.0
5976215171,0.0,0.0,0.0,44886.0,1699315.86,895638.04,369206.5,99856.0
5976215173,0.0,0.0,0.0,0.0,124195.854,238109.054,102677.994,23477.9
5976215182,0.0,0.0,0.0,0.0,2530.0,16327.024,28902.4,23012.0
5976260021,0.0,0.0,203758.0,600621.128,471010.603,484805.881,87299.0,12459.0
6050510031,11300.0,18715.0,16393.0,8552.0,9924.0,27595.7,73475.7,51551.0
6050510032,0.0,410.0,160.0,0.0,200.0,2716.0,7759.088,7135.0
6050535781,118317.03,91165.0,18192.0,4700.0,0.0,0.0,0.0,0.0
6050535791,194225.15,153259.941,31887.97,18466.0,3584.0,0.0,0.0,0.0
6050538476,0.0,0.0,0.0,0.0,0.0,0.0,8688.0,3124.0
6050538481,0.0,0.0,0.0,0.0,78062.0,413315.0,533652.0,302897.0
6050538485,0.0,0.0,0.0,0.0,0.0,1254.0,3360.0,7637.0
6050538491,0.0,0.0,0.0,0.0,553590.0,1600707.8,1663584.0,960909.0
6050538495,0.0,0.0,0.0,0.0,35789.0,193307.59100000001,299317.5,238895.012
6079341130,1498574.8520000002,1150502.611,774105.91,788014.21,740685.06,712213.0,691564.0,311539.4
6131412610,7895.0,11030.0,13606.0,24209.0,29985.0,40063.0,53170.0,25811.0
6144210210,0.0,4530.0,26735.0,193117.0,363982.0,258924.0,412446.0,299640.0
6144210260,0.0,189980.0,1461636.531,1956675.0,1879655.003,121931.0,234235.47999999998,177956.024
6144210310,0.0,263479.0,1090538.152,1434007.612,1988713.0150000001,1312949.6800000002,2169743.582,1652156.0520000001
6144210360,0.0,297779.001,4809265.579,6040520.111,7561061.001,2720360.5,3214632.754,2059281.96
6144212610,89797.15,301411.93,411549.03,1054175.057,1622967.801,1303467.416,1472048.6,198641.5
6144212710,173181.39,506952.673,862165.2359999999,2387898.1430000006,3039492.597,3362959.8360000006,4033448.977,1.5440212738E7
6203782675,0.0,0.0,0.0,0.0,1488.0,5179.0,1524.0,11610.0
6233214131,0.0,0.0,0.0,0.0,0.0,0.0,96760.0,159213.0
6233214231,0.0,0.0,0.0,0.0,0.0,141070.0,490358.0,401404.0
6233214271,0.0,0.0,0.0,0.0,0.0,0.0,59342.0,107351.03
6233214291,0.0,0.0,0.0,0.0,0.0,0.0,26661.0,39148.0
6233214360,0.0,0.0,0.0,0.0,0.0,0.0,1080.0,2520.0
6332316112,0.0,0.0,0.0,0.0,564.03,4835.727,10149.672999999999,3027.0029999999997
6332316116,0.0,0.0,0.0,0.0,0.0,2671.0,8697.67,2748.0
6332316212,111.0,160.5,0.0,0.0,21881.619000000002,64813.270000000004,117914.482,46873.212
6332316214,0.0,0.0,0.0,0.0,10511.021,48127.814999999995,65775.365,28878.59
6332316216,0.0,0.0,0.0,0.0,0.0,49641.587,90641.478,38580.644
6332316226,0.0,0.0,0.0,0.0,0.0,23672.06,40723.5,15847.0
6348168447,8207692.0,2.7444461474000003E7,6.539655205199999E7,7.528505636200002E7,8.336079002399999E7,5.6803529417E7,3.5553398974999994E7,2.0773748093000002E7
6386824036,0.0,0.0,0.0,0.0,0.0,4347.0,21885.0,17237.0
6386835210,9678.0,3133.0,9362.0,10138.0,7769.0,7796.0,3693.0,1876.0
6386836320,0.0,0.0,0.0,0.0,0.0,573.0,510.0,253182.0
6386846550,0.0,0.0,0.0,0.0,0.0,0.0,970.0,0.0
6386846650,0.0,580.0,0.0,0.0,0.0,0.0,0.0,0.0
6386875618,350031.596,173709.36,365570.11899999995,280679.0,334760.5,482575.5,383503.0,170521.0
6386875818,1416.0,50686.0,128415.0,137066.0,207796.0,66182.0,61972.0,22277.0
6386889810,0.0,0.0,0.0,0.0,0.0,0.0,1289.0,9168.0
6516283366,0.0,0.0,0.0,0.0,0.0,3.0176677581000004E7,5.4200288198E7,3.0464724883E7
6516291174,0.0,0.0,0.0,0.0,0.0,0.0,279275.16000000003,25674.66
6586290760,0.0,0.0,0.0,0.0,0.0,0.0,810.0,5776.0
6586291060,0.0,0.0,0.0,0.0,0.0,0.0,1145.0,2370.001
6808441121,0.0,554.0,0.0,0.0,0.0,0.0,0.0,0.0
6813420116,0.0,0.0,0.0,0.0,0.0,4014321.6,6982429.45,3086210.03
6838227314,0.0,0.0,0.0,0.0,0.0,600.0,0.0,0.0
6846219030,3810.12,3276.0,6698.0,11510.33,72009.0,44133.0,213986.0,94708.0
6846219050,0.0,0.0,0.0,0.0,29696.0,65007.0,57486.0,23154.0
6846232560,0.0,0.0,0.0,0.0,0.0,0.0,4782.0,37723.0
6846232590,0.0,0.0,0.0,0.0,0.0,0.0,1238.0,0.0
6846235594,0.0,0.0,0.0,0.0,0.0,11300.0,1057009.547,776561.075
6846240610,0.0,2970.0,7221.0,32232.0,31949.0,103716.0,124135.0,58474.0
6909715812,0.0,0.0,0.0,0.0,4633.0,267521.03,537478.0,314583.0
6909715815,0.0,0.0,0.0,0.0,888135.66,2626261.024,3673695.608,3366888.0
6909715912,0.0,0.0,0.0,0.0,6071.0,587290.5349999999,820312.46,541002.1
6909715915,0.0,0.0,0.0,0.0,1628680.9370000002,5730638.453,8289082.615999999,6673727.443
6909742112,0.0,0.0,0.0,0.0,0.0,241020.75,597133.012,226770.0
6909742212,0.0,0.0,0.0,0.0,0.0,0.0,16454.0,12543.0
6909785412,0.0,0.0,0.0,0.0,0.0,23639.0,443535.0,277555.0
6909785512,0.0,0.0,0.0,0.0,0.0,2172797.285,8195403.975000001,3210205.083
6915014015,0.0,0.0,0.0,0.0,0.0,8289.0,1210.0,0.0
6923811201,0.0,0.0,0.0,0.0,0.0,0.0,2230.0,37828.0
6954338625,0.0,0.0,0.0,0.0,0.0,0.0,0.0,503.5
7604510410,0.0,0.0,0.0,0.0,0.0,426.5,2273.25,1122.0
7604510520,0.0,0.0,0.0,0.0,0.0,1466.5,4987.5,2146.5
7604510710,0.0,0.0,0.0,0.0,0.0,0.0,115.0,512.0
7628215210,0.0,0.0,0.0,0.0,2713.0,28400.0,34620.0,21509.0
7628215310,0.0,0.0,0.0,0.0,4731.0,37803.0,54638.0,25137.0
