10147090103,290269.374,125996.344,27489.59,14744.0,15494.0,1663.0,516.0,1297.0
10147090203,180928.81,59150.804000000004,14627.654999999999,8046.0,960.0,0.0,0.0,0.0
10147090303,6181.358,18085.82,0.0,0.0,0.0,0.0,0.0,0.0
10370022111,0.0,0.0,0.0,2004.0,6919.0,11282.0,12725.0,5593.0
10370022211,0.0,0.0,0.0,2660.0,2946.0,4668.0,8607.0,3116.0
10370022311,0.0,0.0,0.0,0.0,2113.0,2567.0,4365.0,906.0
10702000801,2322808.59,2331814.666,4046869.575,2.1381009150000002E7,1.32601935E7,1.0614455E7,9711486.0,2819430.0
10702000850,0.0,0.0,0.0,0.0,30267.0,1239264.0,2553447.0,744572.0
10702000901,3466212.745,3306721.414,3681930.07,2.2511998002E7,1.3088873736E7,9409589.018,7367962.4,1625527.0
10702000950,0.0,0.0,0.0,0.0,33310.0,1633094.018,2821899.5,540046.0
10702001801,6406382.721000001,9024195.103999998,1.0096628224E7,3.0949340408999998E7,3.1877505096E7,1.754572086E7,1.45875535E7,6271543.008
10702001850,0.0,0.0,0.0,0.0,68811.0,778985.5,1519308.5,731380.5
10702002301,0.0,0.0,0.0,0.0,0.0,41075.0,30905.0,14031.0
10702005601,1.1928694652999999E7,2.412125602E7,3.0957623757E7,3.3840948138E7,3.7646075331E7,4.0839802006E7,3.765920739E7,1.74532835E7
10702005650,0.0,0.0,0.0,0.0,78362.0,1151678.0,2216600.5,1275896.0
10702005701,1854941.639,4243888.57,6437189.676,7700359.235,8944397.361000001,9920603.5,9132331.5,3895019.0
10702005750,0.0,0.0,0.0,0.0,37066.0,306638.0,457788.0,260276.0
10702007001,0.0,0.0,3480.0,28464.0,46330.0,31204.0,52644.0,13095.0
10702007101,0.0,0.0,71140.0,254725.0,288281.94,231276.0,252657.0,66536.0
10702018901,0.0,0.0,0.0,0.0,0.0,0.0,0.0,3124.0
10702018910,0.0,0.0,0.0,0.0,0.0,0.0,0.0,287.0
10702018950,0.0,0.0,0.0,0.0,0.0,0.0,0.0,17775.0
10702019001,0.0,0.0,0.0,0.0,0.0,0.0,0.0,7215.0
10702019010,0.0,0.0,0.0,0.0,0.0,0.0,0.0,23103.0
10702019050,0.0,0.0,0.0,0.0,0.0,0.0,0.0,26398.0
10702019101,0.0,0.0,0.0,0.0,0.0,0.0,0.0,72647.0
10702019110,0.0,0.0,0.0,0.0,0.0,0.0,0.0,7945.0
10702019150,0.0,0.0,0.0,0.0,0.0,0.0,0.0,67971.0
10914055001,2308.0,0.0,0.0,0.0,0.0,0.0,0.0,0.0
10914055101,2869.0,0.0,0.0,0.0,0.0,0.0,0.0,0.0
10914055201,13903.0,1190.0,0.0,0.0,0.0,0.0,0.0,0.0
115123101,0.0,0.0,3070.0,9685.0,30857.0,76547.0,55250.0,12455.0
115123113,0.0,0.0,0.0,7179.0,30615.0,51377.0,54060.0,18697.0
115123201,0.0,0.0,68406.0,94956.0,172334.0,289260.0,267830.0,73271.0
115123213,0.0,0.0,13222.0,31485.0,87765.0,191842.0,217333.0,77134.0
115123301,0.0,0.0,122744.0,174159.0,199382.0,351448.0,341422.0,87166.0
115123313,0.0,0.0,35041.0,85924.0,148269.0,269568.0,270507.0,90953.0
115123401,0.0,0.0,183403.0,301275.0,439372.0,572079.0,442702.0,122954.0
115123413,0.0,0.0,53890.0,161283.0,215455.0,280667.0,283972.0,89156.0
115127701,0.0,0.0,0.0,0.0,0.0,0.0,3683.0,5210.0
115127801,0.0,0.0,0.0,0.0,0.0,0.0,2791.0,1078.0
115131501,0.0,0.0,0.0,840.0,10257.0,19418.0,18762.0,4791.0
115131513,0.0,0.0,723.0,0.0,0.0,20006.0,10822.0,5324.0
115131601,0.0,0.0,68328.0,75871.0,145149.0,280438.0,248422.0,76198.0
115131613,0.0,0.0,0.0,12155.0,44017.0,111997.0,131242.0,44725.0
115131701,0.0,0.0,97619.0,112947.0,189363.0,307011.0,277373.0,68259.0
115131713,0.0,0.0,21142.0,56660.0,94114.0,177234.0,186044.0,63279.0
115155601,0.0,0.0,0.0,0.0,0.0,8405.0,20679.0,5111.0
115155701,0.0,0.0,0.0,0.0,0.0,6992.0,7451.0,2070.0
115155801,0.0,0.0,0.0,0.0,0.0,25675.0,34161.0,8350.0
115155901,0.0,0.0,0.0,0.0,0.0,15800.0,16189.0,3240.0
115156001,0.0,0.0,0.0,0.0,0.0,15935.0,31734.0,7310.0
115156101,0.0,0.0,0.0,0.0,0.0,11548.0,8759.0,3520.0
115156201,0.0,0.0,0.0,0.0,0.0,24172.0,30228.0,2765.0
121050404,357220.11,469617.199,207288.5,195806.75900000002,509940.19499999995,491750.73799999995,420180.0,83437.5
121050405,14874.122,56065.219999999994,35135.0,21909.89,156647.89,188407.18,13316.0,0.0
121050410,83.0,316.0,399.0,0.0,11.0,0.0,0.0,0.0
121050412,8227.497,7333.532999999999,14162.505000000001,175.0,21377.0,4454.6,58.0,0.0
121050415,5006.575,6377.6900000000005,1336.05,0.0,0.0,0.0,43.0,0.0
121050416,5.505326709E7,2.5499843365E7,3988802.9529999997,3038205.295,6417299.782000001,5580760.457000002,3557323.164,884066.548
121077204,0.0,0.0,0.0,337112.0,525638.4299999999,718807.2220000001,697823.1,464223.5
121077216,0.0,0.0,702311.6120000001,1.4003063234000003E7,1.9953665462E7,1.9800764255E7,1.8393880153E7,1.1358022865999999E7
121231640,0.0,0.0,0.0,0.0,0.0,0.0,0.0,16.0
121465505,38979.655,3643.416,3305.151,297.3,0.0,0.0,0.0,0.0
121465510,21.0,890.75,800.85,0.0,0.0,0.0,0.0,0.0
121465515,132685.133,41881.772999999994,56411.240999999995,1716.001,0.0,0.0,0.0,0.0
121477205,0.0,0.0,0.0,21.0,1948.509,2174.5029999999997,532.45,0.0
121477210,0.0,0.0,0.0,0.0,0.0,262.0,0.0,0.0
121477215,0.0,0.0,0.0,59.0,3597.0,1866.0,558.5,298.75
121477240,0.0,0.0,0.0,0.0,0.0,0.0,25.0,22.0
12496030001,0.0,0.0,0.0,0.0,0.0,0.0,0.0,279.0
12496120201,0.0,0.0,705.0,0.0,1382.0,9909.0,0.0,79.0
12496120203,1310316.678,2024857.939,2420596.4639999997,2470902.084,2729846.0050000004,3398700.0,4091174.5,2133407.0
12496120401,0.0,0.0,0.0,0.0,0.0,0.0,0.0,214.0
12496120403,0.0,0.0,390910.0,825745.0,1236847.98,1650885.0,2179012.5,1309981.0
12496120801,59492.075,82822.933,7256.0,20365.0,85578.0,201324.0,55109.75,169236.75
12496120803,1.6087150023E7,2.9475670865000002E7,4.3316083706999995E7,4.8270059402E7,5.8563854093E7,7.2743444053E7,8.0256477707E7,4.0072527355E7
12496121201,0.0,0.0,0.0,0.0,0.0,186.0,0.0,7143.0
12496121203,0.0,0.0,377366.001,814898.0,1550631.991,2048951.5,3109352.158,2172505.0
12496127802,19495.0,0.0,0.0,0.0,0.0,0.0,0.0,0.0
12496128302,1941891.579,1369822.467,254973.771,0.0,0.0,0.0,0.0,0.0
12496130602,2.9615501547E7,2.0937134070000004E7,3763435.463,16125.0,43883.5,0.0,0.0,0.0
12496131002,232748.0,0.0,1507.0,0.0,0.0,0.0,0.0,0.0
13107000401,0.0,0.0,0.0,0.0,0.0,0.0,992.0,1498.0
13107001901,0.0,0.0,100942.0,499514.0,437526.0,680033.0,1336639.0,1277684.0
13107001905,0.0,3223.0,151604.0,484474.0,744894.001,871411.0,1198861.0,622088.0
13107002001,0.0,0.0,209011.0,759676.0,2150644.0,4392674.0,4685062.0,2720190.0
13107002005,0.0,1555.0,267281.0,635086.0,1877219.0,1291514.0,1104423.0,467227.3
13107002101,0.0,0.0,221559.0,740867.0,946998.0,1225544.0,2132302.0,1873636.0
13107002105,0.0,0.0,393509.0,988333.0,1546235.001,1173260.0,1018909.0,530323.0
13107002199,0.0,0.0,6753.0,243659.0,1691213.0,2583797.0,3944824.0,958736.0
13107004401,0.0,0.0,0.0,4068561.222,7049197.614,6108884.0,4115709.0,1451050.0
13107004405,0.0,0.0,0.0,791329.09,459083.49199999997,219621.0,528334.5,227706.0
13107004501,0.0,0.0,0.0,961812.3520000001,3396558.0,3531313.0,4297367.0,1452650.0
13107004505,0.0,0.0,0.0,0.0,0.0,0.0,287291.0,233574.0
13107004601,0.0,0.0,0.0,1560164.463,5540975.0,6014473.0,5791802.0,2692631.0
13107004605,0.0,0.0,0.0,0.0,5136.0,19739.0,1924604.0,1246864.0
13107005501,0.0,0.0,0.0,388827.0,134472.0,2897981.0,3724231.5,1029701.0
13107005601,0.0,0.0,0.0,53428.0,207785.0,505058.0,1.1103128E7,3370356.0
13107005701,0.0,0.0,0.0,1568873.0,331025.0,261824.0,266078.0,73075.0
13107005801,0.0,0.0,0.0,3881.0,45163.0,114631.0,190107.0,72882.0
13107005901,0.0,0.0,0.0,80788.0,143752.0,2367.0,222005.0,295966.0
13107005999,0.0,0.0,0.0,96434.0,1380787.0,523382.0,2636420.0,2577799.0
13107006001,0.0,0.0,0.0,17611.0,330003.0,1386604.0,3859064.889,1188365.0
13107006005,0.0,0.0,0.0,5220.0,117707.0,645578.0,516920.0,138988.0
13107006099,0.0,0.0,0.0,0.0,0.0,1743.0,1557.0,16626.0
13107008801,0.0,0.0,0.0,0.0,0.0,274031.5,919443.0,507555.5
13107008901,0.0,0.0,0.0,0.0,0.0,2050601.0,3122891.0,963828.0
13107010301,0.0,0.0,0.0,0.0,0.0,0.0,24528.0,16921.0
13107010401,0.0,0.0,0.0,0.0,0.0,0.0,99788.0,54165.0
13107010701,0.0,0.0,0.0,0.0,0.0,14371.0,216475.5,97066.0
13107010801,0.0,0.0,0.0,0.0,0.0,47866.0,482245.0,241410.0
13107010901,0.0,0.0,0.0,0.0,0.0,44388.0,346190.0,165789.0
13811068930,0.0,0.0,0.0,0.0,0.0,812.0,2441.0,565.0
13811069030,0.0,0.0,0.0,0.0,0.0,0.0,1110.0,945.0
13811069130,0.0,0.0,0.0,0.0,0.0,0.0,360.0,0.0
143300001,640074.87,505860.266,123079.82,13877.0,713.0,0.0,0.0,0.0
16714011104,0.0,454469.0,776360.0,235670.001,24823.0,0.0,0.0,0.0
16714011105,0.0,2458737.699,3256890.1920000003,641552.0,86130.0,4230.0,0.0,0.0
16714011106,8561.0,1.173080754E7,1.7709576044E7,4926394.799000001,818599.393,33049.0,0.0,0.0
16714011110,0.0,0.0,44157.0,701218.4820000001,625943.449,113260.801,5726.0,0.0
16714011111,0.0,0.0,409350.0,3525720.882,2849672.0500000003,342057.147,77830.091,0.0
16714011112,0.0,0.0,1892129.001,2.1981209862000003E7,1.317404774E7,1.870062752E7,866862.0,44650.0
16714048101,0.0,0.0,0.0,0.0,0.0,485517.0,4711758.5,3320384.5
16714048102,0.0,0.0,0.0,0.0,0.0,3313242.06,7050075.2,2835159.0
16714048103,0.0,0.0,0.0,0.0,0.0,2998271.0,2.0787707501000002E7,6528742.58
172635900,7646.0,0.0,0.0,0.0,0.0,0.0,0.0,0.0
172635910,27089.0,24096.0,10640.0,3496.0,13.0,0.0,0.0,0.0
172635960,1464335.4409999999,600063.6,295964.263,50834.0,0.0,0.0,0.0,0.0
172635970,904728.639,431435.0,245486.35,28856.09,0.0,0.0,0.0,0.0
185031101,30271.0,0.0,0.0,0.0,0.0,0.0,0.0,0.0
185031110,2638.0,0.0,0.0,0.0,0.0,0.0,0.0,0.0
185074901,29361.0,4793.0,630.0,0.0,0.0,0.0,0.0,0.0
187000301,937395.602,697799.0480000001,74092.44,0.0,0.0,0.0,0.0,0.0
20482000230,0.0,0.0,0.0,0.0,7620.0,1200.0,4290.0,0.0
20482000430,0.0,0.0,0.0,0.0,2880.0,5340.0,4050.0,0.0
20482000830,0.0,0.0,0.0,0.0,3360.0,5400.0,1710.0,0.0
228287611,0.0,0.0,0.0,0.0,0.0,15152.0,106459.0,34051.0
228287811,8702242.768,2.4942728580000002E7,2.4076949803E7,1.6157889123E7,3.6159748502000004E7,3.49337695E7,1.72107853E7,5455682.5
228287911,1.5827745953E7,3.8208318915E7,3.1105278042E7,1.5293742963E7,3.4274756739999995E7,2.499301E7,1.7813687E7,5534439.0
228298111,0.0,0.0,0.0,109092.0,717107.0,205015.0,51824.0,11771.0
228298150,0.0,0.0,0.0,2.9328878013E7,3.7397812004E7,3.2296548002E7,2.439739E7,2617347.0
228298211,0.0,0.0,0.0,1.0350509008E7,1.4554095002E7,1.3015393E7,9105168.0,135054.0
228298311,0.0,0.0,59308.0,3.4088144293E7,3.4146302180999994E7,3.3372484E7,2.7811952E7,491309.0
228309011,0.0,0.0,0.0,1364.0,3220.0,2830.0,1942.0,0.0
228309111,0.0,0.0,0.0,810.0,2047.0,0.0,0.0,0.0
228309211,0.0,0.0,0.0,0.0,1050.0,0.0,0.0,0.0
228309311,0.0,0.0,0.0,0.0,990.0,2550.0,0.0,0.0
228315303,0.0,0.0,0.0,0.0,674384.125,1606232.5,2312310.875,1381823.85
228315403,0.0,0.0,192797.0,341004.829,166898.0,33204.0,46.0,0.0
228315473,0.0,0.0,0.0,0.0,3279.0,188554.0,304000.0,146334.0
228315503,0.0,0.0,3543923.388,7169155.566000001,1843581.002,158518.75,16478.0,0.0
228315567,0.0,0.0,0.0,0.0,0.0,0.0,0.0,1854.0
228315573,0.0,0.0,0.0,0.0,144780.0,2976103.39,5805967.84,2552009.96
228315603,0.0,0.0,0.0,0.0,76285.0,204665.179,306994.077,186887.727
228322706,0.0,0.0,0.0,0.0,4462.0,1007.0,0.0,0.0
228322806,0.0,0.0,0.0,0.0,30031.0,18535.0,0.0,0.0
228322811,0.0,0.0,0.0,0.0,19444.0,14662.0,0.0,0.0
228322906,0.0,0.0,0.0,0.0,39379.001000000004,28774.0,0.0,0.0
228322911,0.0,0.0,630.0,8433.0,42613.0,22274.0,0.0,0.0
228323006,0.0,0.0,0.0,2040.0,12076.0,22149.0,0.0,0.0
228323011,0.0,0.0,0.0,10148.0,32017.0,18539.0,0.0,0.0
228326111,2856.0,22368.0,8948.880000000001,2826.0,0.0,0.0,0.0,0.0
228326206,0.0,0.0,0.0,1490.0,9670.0,4488.0,0.0,0.0
228326211,15779.315999999999,344987.0,373577.698,191304.0,140068.001,52154.0,0.0,0.0
228326306,0.0,0.0,0.0,0.0,11139.0,7554.0,0.0,0.0
228326311,0.0,0.0,0.0,0.0,8188.0,3518.0,0.0,0.0
228350106,0.0,0.0,0.0,0.0,3238.0,19458.0,17996.0,2082.0
228350111,0.0,0.0,0.0,6102.0,0.0,0.0,0.0,0.0
228350206,0.0,0.0,0.0,1526.0,17491.0,21328.0,18836.0,4938.0
228350211,2985.12,141239.0,115992.88,44063.0,0.0,0.0,0.0,0.0
228350306,0.0,0.0,0.0,0.0,540.0,5177.0,5938.0,1683.0
228350311,2094.54,136048.0,118881.0,45110.0,0.0,0.0,0.0,0.0
228350406,0.0,0.0,0.0,0.0,0.0,3338.0,3167.0,0.0
228350411,990.06,87679.97,65966.06,25771.0,638.0,0.0,0.0,0.0
228350506,0.0,0.0,0.0,0.0,0.0,0.0,5580.0,0.0
228350511,1330.0,79783.004,66393.0,24615.0,0.0,0.0,0.0,0.0
228350606,0.0,0.0,0.0,0.0,0.0,5189.0,2094.0,0.0
228350611,0.0,52224.0,31979.059999999998,13181.0,0.0,0.0,0.0,0.0
228350706,0.0,0.0,0.0,0.0,0.0,4311.0,1908.0,0.0
228350711,1110.0,94655.09,76004.94,26117.0,0.0,0.0,0.0,0.0
228427011,0.0,0.0,0.0,0.0,7076.0,823155.0,867471.0,231504.0
228427111,0.0,0.0,0.0,0.0,19463.0,870684.0,755527.0,195437.0
228431111,0.0,0.0,0.0,0.0,8628.0,537574.0,355705.0,85361.0
228432311,0.0,0.0,0.0,0.0,0.0,149029.0,117847.0,23632.0
228434711,0.0,0.0,0.0,0.0,0.0,14426.0,15482.0,0.0
23155001201,1140.0,0.0,0.0,0.0,0.0,0.0,0.0,0.0
23635011501,0.0,0.0,0.0,80426.0,56720.0,0.0,5405.0,0.0
23635040801,32772.15,52466.0,53760.0,26004.0,1804.0,342.0,0.0,0.0
23635041201,35976.15,90332.0,98603.001,50640.0,2390.0,0.0,0.0,0.0
23635041601,111652.11,179967.0,154681.0,75763.0,1776.0,0.0,0.0,0.0
23635043201,0.0,2081.0,57047.0,41923.0,508.0,0.0,0.0,0.0
23635058110,0.0,0.0,0.0,6970.0,0.0,0.0,0.0,0.0
23635058210,0.0,0.0,4232.0,1889.0,0.0,0.0,0.0,0.0
24090068188,0.0,0.0,0.0,1130.0,0.0,0.0,0.0,0.0
24090068388,0.0,1279.0,4729.0,0.0,0.0,11021.0,11505.0,3208.0
24486032510,1090.0,0.0,0.0,0.0,0.0,0.0,0.0,0.0
245042005,0.0,0.0,6017.0,18099.0,150.0,0.0,0.0,0.0
245042105,0.0,0.0,3138.0,9980.0,0.0,0.0,0.0,0.0
245042205,0.0,0.0,4034.0,7089.0,0.0,0.0,0.0,0.0
245042305,0.0,0.0,5665.0,10998.0,0.0,0.0,0.0,0.0
24510011010,0.0,0.0,0.0,0.0,0.0,4609.0,66366.0,132794.0
24510011510,0.0,0.0,0.0,0.0,0.0,0.0,53682.0,122415.0
24510012010,0.0,0.0,0.0,0.0,0.0,2940.0,61646.0,119984.0
24510013010,0.0,0.0,0.0,0.0,0.0,0.0,31775.0,67484.0
24510014010,0.0,0.0,0.0,0.0,0.0,0.0,18773.0,50831.0
27808003501,0.0,0.0,0.0,30540.0,866666.001,868086.0,594516.0,318695.0
27808003502,0.0,0.0,0.0,237931.0,2150624.0,2013947.0,1770987.0,576328.0
27808003503,0.0,0.0,0.0,0.0,1687266.001,2828284.0,2899540.0,1095397.0
27808003601,0.0,0.0,0.0,48322.0,608956.0,706295.0,687597.0,258990.0
27808003602,0.0,0.0,0.0,217655.002,1943736.0,1566413.0,1475881.5,615680.0
27808003603,0.0,0.0,0.0,0.0,1141925.0,2154852.0,2697959.0,1090839.0
27808003701,0.0,0.0,0.0,118011.0,1278559.0,1407355.0,1018439.0,493769.0
27808003702,0.0,0.0,0.0,635953.0,2928163.001,1909611.0,2747736.0,1169084.0
27808003703,0.0,0.0,0.0,0.0,4718113.0,6688945.0,7301783.0,3129356.0
27808008201,0.0,0.0,0.0,0.0,0.0,0.0,133.5,0.0
27808011401,0.0,0.0,0.0,0.0,0.0,51286.0,196102.0,44600.0
27808011402,0.0,0.0,0.0,0.0,0.0,0.0,911.0,330.0
27808011501,0.0,0.0,0.0,0.0,0.0,22941.0,128111.0,46688.0
27808011601,0.0,0.0,0.0,0.0,0.0,5710.0,10103.0,3546.0
31722019201,0.0,0.0,0.0,0.0,0.0,0.0,342056.0,518389.0
31722019205,0.0,0.0,0.0,0.0,0.0,0.0,148162.5,5804580.0
31722019301,0.0,0.0,0.0,0.0,0.0,0.0,186302.0,3467153.0
31722019305,0.0,0.0,0.0,0.0,0.0,0.0,12434.0,57448.0
31722019401,0.0,0.0,0.0,0.0,0.0,0.0,874874.0,1.2423334E7
31722019405,0.0,0.0,0.0,0.0,0.0,0.0,87487.0,207236.0
31722091701,0.0,0.0,0.0,0.0,0.0,0.0,16902.0,544525.0
31722091705,0.0,0.0,0.0,0.0,0.0,0.0,10772.0,649257.0
31722091801,0.0,0.0,0.0,0.0,0.0,0.0,8270.0,460003.0
31722091805,0.0,0.0,0.0,0.0,0.0,0.0,6952.0,360112.0
33342020111,0.0,0.0,0.0,0.0,0.0,0.0,0.0,3009.0
33342020115,0.0,0.0,0.0,0.0,0.0,0.0,38277.0,0.0
33342020144,0.0,0.0,0.0,0.0,0.0,22719.0,133030.0,0.0
378015505,17630.0,0.0,0.0,0.0,0.0,0.0,0.0,0.0
378092393,0.0,0.0,0.0,0.0,45039.5,126903.5,255938.25,167577.5
378092493,0.0,0.0,0.0,0.0,523191.001,1617113.274,1680993.252,582312.3759999999
378265801,19174.21,1705246.665,2252223.005,1058983.0150000001,1755340.001,157261.0,71126.0,12579.0
378265901,31681.45,1968737.0620000002,2466640.585,2863875.014,2180958.001,158882.0,111752.0,7196.0
378266001,13976.06,1386849.52,1502635.3,1950752.0,1270803.0,193498.0,55786.0,4895.0
378266101,0.0,626367.31,579140.06,605490.0,435714.0,64172.0,6336.0,0.0
378266201,0.0,30219.059999999998,60144.0,63585.0,48342.0,12013.0,690.0,0.0
378415101,1.5156199579E7,1.6067634302000001E7,6072696.441000001,702233.3580000001,509204.5,358487.0,229145.48,86197.0
378415105,4125227.388,4154624.45,1.6359170992E7,2.5293766428999998E7,2.8700798549999997E7,2.4590348012E7,1.977220222E7,688476.0
378415293,0.0,0.0,0.0,0.0,0.0,50343.0,96030.0,48956.0
378415393,0.0,0.0,0.0,0.0,0.0,14637.0,36090.0,26171.0
378415493,0.0,0.0,0.0,0.0,0.0,12400.0,20886.0,11704.0
378611201,337087.405,756578.29,1821721.001,2029020.5440000002,804342.5,28229.0,5753.0,0.0
378611301,265126.3,843525.88,1452480.0,1238823.0,417402.0,10565.0,0.0,0.0
378611401,206802.72,836128.64,1233399.001,1073951.0,380252.0,38648.0,5270.0,0.0
378611701,1565.0,48251.03,86168.97,59855.0,10821.0,0.0,0.0,0.0
378710301,123482.254,121893.693,107722.055,63750.056,45195.0,3994.0,790.0,0.0
378710401,136000.226,137323.97999999998,118900.06,219893.0,115706.0,9421.0,4979.0,1450.0
378710501,2495063.501,2464945.664,2424889.7260000003,2242141.241,523674.001,9850.0,2039.0,0.0
378710601,858782.721,621102.7910000001,349415.0,331968.0,121858.0,2550.0,0.0,0.0
378710701,389799.95,292914.1,144278.61800000002,0.0,0.0,0.0,0.0,0.0
378710801,546717.3200000001,422098.272,118961.746,0.0,0.0,0.0,0.0,0.0
378808801,1112864.038,692950.067,519337.17,350140.0,287463.05,236282.0,144206.0,35925.0
378808805,839774.323,764392.802,502884.371,333958.0,245470.0,164700.0,79352.0,22873.0
378911998,172600.656,187881.94700000001,266489.976,250904.337,280885.33999999997,225144.9,162590.0,61853.0
378912198,352009.776,349323.532,345669.199,326868.62700000004,336568.001,333923.13,261918.04,109530.0
378912298,414392.25599999994,385335.018,371064.05799999996,344663.39,337585.34099999996,328898.0,241784.66,93890.0
378912398,315109.94200000004,288912.23,268084.905,255314.152,241932.0,226044.0,162700.0,57842.0
378912498,464981.791,412118.648,383178.819,336824.218,299135.0,270114.0,184581.0,66663.0
378912598,0.0,0.0,0.0,0.0,2562.0,15103.0,20050.0,8104.0
378912698,0.0,0.0,0.0,0.0,0.0,150.0,0.0,0.0
378963943,32024.08,24467.334,17053.0,18426.5,13805.0,10420.5,9002.6,4427.0
406012301,0.0,0.0,0.0,8917801.002999999,6.736341401699999E7,6.99573381E7,6.11252875E7,2.24035025E7
406012305,0.0,0.0,0.0,6152739.003,2.1965723004E7,1.26045068E7,8208070.0,3374947.0
406012310,0.0,0.0,0.0,0.0,0.0,81436.0,2643356.0,1750526.0
406012323,0.0,0.0,0.0,56.0,6770.5,12439.0,23574.5,4306.0
406012362,0.0,0.0,0.0,10029.0,56330.006,68415.502,67773.0,13174.0
406012401,0.0,0.0,0.0,5353854.001,3.8413940337000005E7,4.155365597E7,3.4936197E7,1.2923144E7
406012405,0.0,0.0,0.0,2960681.001,1.4326534502E7,9405689.0,6031992.0,2471766.0
406012410,0.0,0.0,0.0,0.0,0.0,68162.0,3394591.0,2146368.0
406012423,0.0,0.0,0.0,0.0,501.0,1236.0,541.0,138.5
406012462,0.0,0.0,0.0,14745.0,29369.0,39041.0,30714.0,1457.0
406012501,0.0,0.0,0.0,1.5600577001E7,8.505285668300001E7,7.9401825E7,6.9995563E7,2.61587365E7
406012505,0.0,0.0,0.0,4206838.0,2.3621834900999997E7,1.89293825E7,1.1987838E7,5476049.0
406012510,0.0,0.0,0.0,0.0,0.0,131941.0,3890188.0,4209425.0
406012523,0.0,0.0,0.0,460.0,553.0,1749.5,400.0,207.0
406012562,0.0,0.0,0.0,15573.0,39893.0,41772.2,51510.0,17797.0
406035701,4452204.346000001,6338877.902000001,5914799.325,500350.336,4661.0,0.0,2202.0,0.0
406035705,9.5785479351E7,7.944567346599999E7,6.3653132284E7,4027225.129,61660.107,7258.0,35656.0,0.0
406035762,361561.488,317252.622,76525.00700000001,3333.0,0.0,0.0,0.0,0.0
406035801,1.4068235423999999E7,9740283.608,7447116.005,623098.0,0.0,0.0,1142.0,0.0
406035805,1.8374067770999998E7,1.6835484875E7,2.0002346411999997E7,1250616.0,9496.0,1552.0,1185.0,0.0
406035862,16090.042000000001,14170.970000000001,5404.0,83.0,44.0,27.0,0.0,0.0
406035901,1185942.361,1124870.001,1156323.002,52912.0,0.0,0.0,0.0,0.0
406035905,950915.001,906091.0,889129.0,43478.0,0.0,0.0,0.0,0.0
406036001,5330082.716,3780874.1010000003,2810650.86,64048.0,1500.0,0.0,979.0,0.0
406036005,2.8555540344E7,2.2313857838E7,1.2470949884000001E7,289180.13,6829.0,0.0,0.0,0.0
406036101,5084395.797,5151086.802,5342031.76,334185.0,0.0,2423.0,0.0,0.0
406036105,3685604.301,2901290.0,3559961.0,224885.0,0.0,0.0,0.0,0.0
406036201,3746531.1059999997,2843125.001,1907607.865,128372.0,0.0,0.0,0.0,0.0
406036301,9175984.325,8169701.0,1.2904779718E7,840639.0,4750.0,0.0,1550.0,0.0
406036305,5518432.073,1.0825098103E7,1.9111396900999997E7,658506.0,6799.0,0.0,0.0,0.0
406036362,15356.002,6472.0,15799.0,0.0,0.0,0.0,0.0,0.0
406036401,31010.0,16930.0,27850.0,0.0,0.0,0.0,0.0,0.0
406036501,1.0508771311999999E7,1.3481630451E7,1.6525846431E7,1.6194421574000003E7,534129.0,59760.0,26231.0,0.0
406036505,343726.405,6351767.401000001,1.3225305007000001E7,4.6435571782E7,1041860.5,42336.0,0.0,0.0
406036523,0.0,0.0,0.0,1098.0,198.0,0.0,182.0,0.0
406036562,171550.671,110893.175,88734.67500000002,68024.902,53839.704999999994,9793.0,2031.0,0.0
406036601,1.4369256281E7,1.7391940808E7,2.3906239648E7,2.5151519897E7,593185.06,46658.0,1160.0,0.0
406036605,169577.075,2038954.0,3547573.003,1.4462247002E7,418619.0,6160.0,0.0,0.0
406036623,0.0,0.0,0.0,0.0,0.0,48.0,0.0,0.0
406036662,37760.0,18344.011,19537.862,36618.3,4506.001,1251.001,151.0,0.0
406036701,9052232.807,8312734.551,1.7973887110999998E7,3.9744610124000005E7,629117.5,43351.0,4613.0,265.0
406036705,1.5119956822E7,1.9876323044E7,2.4457620252E7,4.2278834308000006E7,900923.0,62402.0,1745.0,0.0
406036762,48379.0,10868.002,16676.0,32607.0,35352.0,3468.0,1144.0,0.0
406037601,0.0,0.0,0.0,0.0,0.0,0.0,2434.0,13853.0
406037605,0.0,0.0,0.0,0.0,0.0,0.0,64205.0,78489.0
406037701,0.0,0.0,0.0,0.0,0.0,0.0,1225.0,4525.0
406037705,0.0,0.0,0.0,0.0,0.0,0.0,23480.0,34538.0
406037801,0.0,0.0,0.0,0.0,0.0,0.0,0.0,3516.0
406037805,0.0,0.0,0.0,0.0,0.0,0.0,19389.0,29648.0
406048301,74352.015,45457.0,20657.0,11808.0,20023.0,20123.0,29642.0,13690.0
406048401,2957446.9809999997,2153581.809,804149.9990000001,565210.128,654177.0,1163695.0,4091568.0,1971872.0
406048403,27867.0,13149.0,11684.0,37230.54,57798.0,7849.0,0.0,20763.0
406048410,1.0153185613E7,7755543.481000001,3015495.7460000003,3575123.6429999997,7240299.17,1.09179493E7,1.2645833E7,6255650.0
406048420,0.0,1228.0,320.0,6782.216,0.0,0.0,300.0,0.0
406048423,0.0,0.0,0.0,0.0,96.0,36.0,569.0,145.0
406048462,30869.503,19412.342,16445.643,10460.0,92312.001,116112.70199999999,66361.4,36533.5
406048501,931192.38,721456.0,566906.0,730471.2,805063.0,1697582.0,3400558.0,1613547.0
406048505,1061518.618,810035.0,398706.0,315277.0,710729.0,1061049.0,2041351.0,995334.0
406051201,5.4715430772E7,5.199414736E7,5.0296671055E7,2.9854103176E7,2.4893376073E7,1.9736250596E7,2.335121E7,1.0678762E7
406051205,2.6345604961E7,2.9163720918E7,2.6922555453E7,2.1521800040000003E7,1.9751441645999998E7,1.56676933E7,1.1549175499E7,2321357.0
406051223,0.0,0.0,104.0,39077.0,72408.5,23840.0,7132.4,1574.0
406051262,915824.3289999999,335331.86,218696.001,120296.57,295821.891,69115.86300000001,40977.5,9897.0
406052201,7514323.178,8775835.101,1.0721738924E7,1.0909100123000002E7,7699862.001,5603543.001,6091194.0,3061563.5
406052205,0.0,0.0,0.0,0.0,0.0,387019.0,228875.0,85245.0
406052223,0.0,0.0,0.0,0.0,32.0,186.0,0.0,0.0
406052262,131.0,3688.0,16996.0,6481.0,60.0,140.0,0.0,0.0
406052301,2.3131644237E7,2.5746403508E7,2.7869690907E7,2.0762777423E7,2.1247497182E7,1.5691353001E7,2.054766E7,1.0362741E7
406052305,0.0,0.0,0.0,0.0,0.0,2594181.0,2285526.0,551610.0
406052323,0.0,0.0,0.0,0.0,245.0,513.0,440.0,0.0
406052362,22714.0,23966.5,70424.0,39417.0,35047.0,27842.0,22437.0,1562.0
406052710,2501281.9,1352535.0,833334.0,4114918.5,2515819.0,5415905.699999999,1.164746548E7,3592646.55
406053201,662292.655,655642.902,620883.8200000001,38151.0,0.0,0.0,0.0,0.0
406053205,89408.0,70904.0,60748.001000000004,478.0,0.0,0.0,0.0,0.0
406054034,21.625,0.0,3269.0,0.0,0.0,0.0,0.0,0.0
406055201,4.4388917722E7,3.6509301859E7,3.0154222408E7,1.2831126581E7,1.7279857990000002E7,1.977071393E7,1.3756685E7,5873166.6
406055223,0.0,0.0,0.0,688.0,2022.0,3968.5,2034.0,852.0
406055262,627910.3099999999,122040.86200000001,108337.473,80454.568,171078.906,98163.361,57448.45100000001,23654.0
406055401,303744.11199999996,13865.0,0.0,0.0,0.0,0.0,0.0,0.0
406056201,6498.0599999999995,0.0,0.0,0.0,0.0,0.0,0.0,0.0
406058201,1004602.37,958014.6020000001,708633.0,27718.0,0.0,0.0,0.0,0.0
406059601,1510.0,0.0,0.0,0.0,0.0,0.0,0.0,0.0
406100901,0.0,0.0,0.0,0.0,0.0,11220.0,31804.0,6570.0
406101001,0.0,0.0,0.0,13379.0,48161.0,46792.0,147884.0,14916.0
406192303,0.0,0.0,0.0,0.0,0.0,84.0,12750.0,12897.0
406192403,0.0,0.0,0.0,0.0,2718.0,0.0,174923.0,16574.0
406254001,4457.0,0.0,0.0,0.0,0.0,0.0,0.0,0.0
406324301,6466982.084,5778545.885,4076907.645,4885506.128,5844736.435,5250061.0600000005,4418166.48,1610513.0
406324401,1.1026168788E7,9332366.902,6335182.686,7585584.810999999,8152207.003,7838300.5,6646381.75,2435825.0
406324901,3555702.824,3682128.001,2805898.56,3172271.002,3305131.0,3348850.4899999998,2906599.0,1074692.0
406330801,0.0,0.0,0.0,4591.0,8534.0,2838.0,2655.0,0.0
406331201,0.0,0.0,0.0,9165.0,18371.0,6809.0,6026.0,1780.0
406331601,0.0,0.0,0.0,15711.0,33325.0,6195.0,4968.0,762.0
406333201,0.0,0.0,0.0,10187.0,29382.0,20251.0,5048.0,0.0
406345434,118175.5,46823.0,0.0,0.0,0.0,0.0,0.0,0.0
406435701,0.0,398.0,0.0,0.0,0.0,0.0,0.0,0.0
406575501,3097097.843,2768107.401,2343223.5820000004,2988108.84,3236463.5,1813558.1600000001,1325619.0,467964.5
406575562,0.0,1992.0,6576.0,1057.0,630.0,1701.0,0.0,0.0
406577101,4.490890340799999E7,3.0558765965E7,2.9634599142E7,3.3179252882000003E7,2.6454225643E7,1.61250965E7,1.0777986E7,3264611.5
406577162,44587.178,89894.615,60758.5,58934.5,75301.074,75803.0,72580.0,7957.0
406717101,117742.0,2274.0,0.0,0.0,0.0,0.0,0.0,0.0
406717105,49213.0,0.0,0.0,0.0,0.0,0.0,0.0,0.0
406717162,676.0,557.0,1396.0,14.0,0.0,0.0,0.0,0.0
406800312,0.0,0.0,455.5,432.125,5814.0,4131.5,2829.25,427.25
406800315,0.0,0.0,330.0,2306.0,3485.0,2250.0,300.0,0.0
406800324,0.0,0.0,0.0,0.0,0.0,1115.0,0.0,0.0
406800330,1830.0,104371.501,187968.0,202346.55,205323.985,125846.75,114903.1,46436.25
406802003,0.0,0.0,0.0,0.0,0.0,0.0,0.0,447890.0
406831501,5550229.017,8284849.224,7595583.932,9909846.39,6925900.002,5532658.632,5383601.075,2370758.06
406831523,0.0,0.0,0.0,0.0,21.0,33.0,21.0,0.0
406831562,2895.0,11038.0,13705.201000000001,9828.0,9090.0,3897.0,5550.0,0.0
406832001,271198.42,284541.0,284883.0,251596.0,198538.0,170978.0,121335.0,33304.0
406833001,8588585.312,1.1469164503E7,1.021613517E7,1.0390265336E7,7078837.18,6005970.0,5402110.0,2134025.0
406833023,0.0,0.0,0.0,0.0,0.0,43.0,0.0,0.0
406833062,13319.0,7585.0,15567.0,32441.006999999998,15421.416000000001,3405.0,2890.0,60.0
406838001,4680815.142,6211937.001,5968319.15,5420630.837,3832030.0,2854989.0,2346552.0,833321.0
406838023,0.0,0.0,0.0,0.0,11.0,0.0,207.0,0.0
406838062,0.0,0.0,5110.0,2278.0,0.0,0.0,0.0,0.0
406839001,2375631.3600000003,2337133.002,2293658.94,2265952.254,1646151.0,1298121.0,940247.0,299908.0
406839062,0.0,231.0,0.0,0.0,0.0,0.0,0.0,0.0
406851501,1.5993656838000001E7,1.0341918903E7,1.1330830941E7,6151143.09,7040656.029,4942305.0,3035721.0,2592889.0
406851562,0.0,0.0,0.0,0.0,0.0,1147.0,14446.0,8966.0
406853001,3.4869388600999996E7,1.7558774689999998E7,1.9479806641999997E7,1.6753523001E7,1.459928127E7,1.7475815560000002E7,1.39494775E7,5086258.0
406855550,311691.2,6944.0,840.0,0.0,0.0,0.0,0.0,0.0
406855830,2011.0,0.0,0.0,0.0,0.0,0.0,0.0,0.0
406872510,0.0,0.0,0.0,0.0,0.0,0.0,59867.5,0.0
406900076,68994.05,152358.5,220904.0,259752.034,278432.0,267258.66599999997,218727.0,88571.0
406901276,0.0,0.0,0.0,0.0,9534.0,61752.0,70837.0,35451.0
406902576,46477.03,117181.0,206264.0,271236.731,316650.0,297643.0,264292.01,125979.0
406905076,59120.060999999994,141561.5,217721.01,289690.16000000003,349583.001,365811.0,317380.1,133330.0
406907576,47250.035,109647.0,173390.01,216518.002,243630.0,240401.0,190881.2,78138.0
406920630,1890.0,0.0,1943.0,390.0,0.0,0.0,0.0,0.0
406920830,8732.0,0.0,0.0,0.0,0.0,0.0,0.0,0.0
406921230,10820.0,1740.0,0.0,0.0,0.0,0.0,0.0,0.0
406921630,22956.0,12725.0,8370.0,5340.0,0.0,0.0,0.0,0.0
42195084010,0.0,0.0,0.0,0.0,0.0,13735.0,38180.0,23511.0
42358010210,0.0,0.0,0.0,0.0,0.0,20814.0,130819.0,95433.0
42358040032,0.0,0.0,0.0,0.0,0.0,0.0,1440.0,1080.0
42571011901,0.0,0.0,0.0,0.0,0.0,0.0,2992.0,0.0
42571011905,0.0,0.0,0.0,2753.0,0.0,0.0,930.0,0.0
42806000501,0.0,0.0,0.0,0.0,0.0,2305329.5,4100564.0,1605519.0
42806000601,0.0,0.0,0.0,0.0,0.0,47900.0,100091.0,58521.0
42806000701,0.0,0.0,0.0,0.0,0.0,2392717.0,3921178.0,1703850.0
42806000801,0.0,0.0,0.0,0.0,0.0,2801419.0,3930805.0,1409512.5
42806005001,0.0,14372.0,10609.0,0.0,43767.0,64474.0,8867.0,4390.0
42858000101,0.0,0.0,0.0,191158.0,5234762.0,8156961.0,8713450.79,3620558.5
42858000110,0.0,0.0,0.0,0.0,2473.0,1953.0,525.0,743.0
42858000201,0.0,0.0,0.0,67233.0,1883378.0,4736289.5,5800761.0,2756657.0
42858000210,0.0,0.0,0.0,0.0,0.0,0.0,326.0,0.0
42858000301,0.0,0.0,0.0,65200.0,1183201.0,3162550.0,3249547.0,1195765.0
42858000401,0.0,0.0,0.0,15674.0,697786.0,1411068.0,1472894.0,598285.0
42858000501,0.0,0.0,0.0,53225.0,1268859.0,1270275.0,1015793.0,322221.0
42858010201,0.0,0.0,0.0,18378.0,7128433.5,1.65378635E7,2.3282293E7,8780044.0
42858010250,0.0,0.0,0.0,83846.0,1728588.002,1572167.0,489721.0,936714.0
42858010301,0.0,0.0,0.0,20998.0,2782890.002,5666611.0,7748791.1,3074184.0
42858010350,0.0,0.0,0.0,0.0,0.0,94505.0,17664.0,311829.0
42858010401,0.0,0.0,0.0,87391.3,1.0084596001E7,1.8688927E7,2.78747845E7,1.3618132E7
42858010450,0.0,0.0,0.0,3335.0,67876.0,578151.0,142550.0,1426149.0
42858020101,0.0,0.0,0.0,0.0,0.0,435350.0,1611778.0,606526.0
42858020150,0.0,0.0,0.0,0.0,0.0,747.0,507102.0,320437.0
42858020201,0.0,0.0,0.0,0.0,0.0,329619.0,1948644.0,950469.0
42858020301,0.0,0.0,0.0,0.0,0.0,279777.0,1969077.0,801737.0
42858020350,0.0,0.0,0.0,0.0,0.0,13178.0,2478106.0,1183221.0
42858030101,877509.3570000001,1827259.502,3134186.063,3442328.0689999997,3808229.5810000002,3758196.0,2726664.83,1016347.6
42858030125,39405.0,6439.4,4833.0,5421.5,25403.34,20617.5,5314.0,805.0
42858030201,906859.306,2115132.003,3572030.583,4636928.953,5549273.001,4838761.0,3132381.0,1141229.0
42858030225,0.0,0.0,4234.0,2400.0,20376.0,8516.18,0.0,0.0
42858030250,25247.0,57011.0,134753.0,201328.0,236085.0,280093.0,225587.0,62480.0
42858030301,1655435.5799999998,2682692.001,2987126.903,3065721.226,3175400.0,2589121.5,2127291.625,819492.0
42858030416,0.0,0.0,8570.0,79194.0,48574.0,86743.0,98012.0,17294.0
42858035340,0.0,0.0,0.0,0.0,0.0,0.0,872.0,2536.0
42858049340,0.0,0.0,0.0,0.0,0.0,0.0,3165.0,7193.0
42858050103,0.0,0.0,0.0,0.0,0.0,0.0,0.0,3421.0
42858050203,0.0,0.0,0.0,0.0,0.0,0.0,0.0,51600.0
42858051501,0.0,0.0,0.0,0.0,0.0,0.0,0.0,690.0
42858058640,0.0,0.0,0.0,0.0,0.0,0.0,3425.0,6179.0
42858075040,0.0,0.0,0.0,0.0,0.0,0.0,1636.0,2934.0
42858080101,3558360.105,5034276.4,7739191.062000001,9703314.527999999,1.0944082861E7,9307294.0,7499204.0,4036037.0
42858080201,4553640.956,6737887.601,1.0579135093E7,1.1653881205E7,1.2174969242E7,9244395.85,7022137.0,3171822.0
42858080301,2897223.45,4215321.001,6947102.18,6892386.744,6363921.75,4437158.1899999995,3066322.0,1287006.0
42858080401,1426862.3909999998,2573510.001,3560743.12,3140148.001,2537602.0,1641839.0,1091501.0,431238.0
42858080501,124580.15,250931.0,350825.0,360867.0,295444.0,193139.0,117176.0,39833.0
42858083940,0.0,0.0,0.0,0.0,0.0,0.0,2615.0,6245.0
43376021010,0.0,0.0,0.0,0.0,866.0,0.0,0.0,0.0
43376021510,0.0,0.0,0.0,1440.0,0.0,0.0,0.0,0.0
43376022010,0.0,0.0,0.0,4390.0,0.0,0.0,0.0,0.0
43376033060,0.0,0.0,0.0,0.0,0.0,860.0,0.0,0.0
43386035101,0.0,0.0,0.0,0.0,0.0,0.0,142473.0,86990.0
43386035201,0.0,0.0,0.0,0.0,0.0,0.0,64840.0,38180.0
43386035205,0.0,0.0,0.0,0.0,0.0,0.0,468.0,0.0
43386035301,0.0,0.0,0.0,0.0,0.0,0.0,18693.0,10915.0
43386035601,0.0,0.0,0.0,0.0,0.0,0.0,1266209.0,4314214.0
43386035610,0.0,0.0,0.0,0.0,0.0,0.0,41508.0,753631.0
43386035701,0.0,0.0,0.0,0.0,0.0,0.0,2097183.0,5733990.0
43386035801,0.0,0.0,0.0,0.0,0.0,0.0,1280749.0,5927201.0
43386035810,0.0,0.0,0.0,0.0,0.0,0.0,121035.0,2965285.0
43386054001,0.0,0.0,0.0,0.0,0.0,0.0,110912.0,53354.0
43386054101,0.0,0.0,0.0,0.0,0.0,0.0,129071.0,34366.0
43386054201,0.0,0.0,0.0,0.0,0.0,0.0,40621.0,15121.0
43386054301,0.0,0.0,0.0,0.0,0.0,0.0,2636.0,0.0
43386067001,3193.0,8261.0,1327.0,0.0,0.0,0.0,0.0,0.0
43386068001,59191.0,186665.0,180934.0,129501.0,188983.0,241586.0,211980.0,73724.0
43386092060,0.0,0.0,0.0,0.0,0.0,2205.0,13964.0,3897.6
43547037310,0.0,0.0,0.0,0.0,0.0,1265.0,0.0,0.0
45051360,305.0,0.0,0.0,0.0,0.0,0.0,0.0,0.0
45065960,357.0,19.0,0.0,0.0,0.0,0.0,0.0,0.0
46987032211,927089.181,518306.0,315777.0,159338.0,2339.0,0.0,0.0,0.0
46987032311,624805.06,322612.0,173142.0,74283.0,1591.0,0.0,0.0,0.0
46987032411,801815.18,403304.0,234098.0,103145.0,614.0,0.0,0.0,0.0
46987032511,1105953.0899999999,600921.0,416449.0,217450.0,7578.0,0.0,0.0,0.0
46987032611,804012.03,430021.0,271165.0,139228.0,2603.0,0.0,0.0,0.0
46987032711,0.0,855.0,25431.0,13986.0,0.0,0.0,0.0,0.0
46987033011,0.0,0.0,900.0,0.0,0.0,0.0,0.0,0.0
46987037711,77650.0,49547.0,25681.0,5354.0,0.0,0.0,0.0,0.0
46987041011,291125.18,220915.0,168318.0,64191.0,729.0,0.0,0.0,0.0
46987041211,337785.06,182474.0,121998.0,60347.0,0.0,0.0,720.0,0.0
472141916,381261.88499999995,24213.148999999998,0.0,0.0,0.0,0.0,0.0,0.0
47335053183,0.0,0.0,2385.0,0.0,0.0,0.0,0.0,0.0
47335053783,0.0,1050.0,0.0,690.0,0.0,0.0,466.0,0.0
47335085983,0.0,23811.0,65418.091,108404.0,29948.0,42985.0,49868.0,12717.0
47335086083,0.0,17407.0,37410.09,50542.0,20920.0,36681.0,42526.0,17707.0
47335086183,0.0,6628.0,18724.03,37656.0,18859.0,15627.0,14008.0,3511.0
47781019601,0.0,0.0,0.0,0.0,0.0,1216691.0,6055480.0,4256896.5
47781019605,0.0,0.0,0.0,0.0,0.0,2401937.0,5864236.0,2000392.0
47781022901,0.0,5661.0,909703.0,2206971.0,2472421.0,2598116.0,3385174.88,1207802.0
47781022905,0.0,75891.0,1646172.001,3793428.001,4683551.0,3882006.0,2626528.96,971883.0
47781022963,0.0,0.0,0.0,0.0,0.0,8704.0,39261.0,0.0
47781023001,0.0,208053.0,5780853.001,4630348.0,4621285.002,5720690.0,8385134.0,3468719.0
47781023005,0.0,234450.0,6753884.001,1.5667065462000001E7,2.1066084001E7,2.248505E7,1.7474097E7,6653951.0
47781023063,0.0,0.0,0.0,0.0,0.0,347453.0,942408.0,424965.0
47781026301,0.0,0.0,62890.0,66874.0,149370.0,127807.0,91704.0,2457.0
47781026305,0.0,0.0,0.0,47673.0,443558.0,510953.0,513228.0,203216.5
47781026401,0.0,0.0,211305.0,262327.0,286686.0,231618.0,178178.0,0.0
47781026405,0.0,0.0,0.0,84769.0,418980.0,619475.0,721909.0,435261.0
47781026501,0.0,0.0,467436.0,458868.0,492300.0,481763.0,441331.0,26877.0
47781026505,0.0,0.0,0.0,74196.0,1072147.0,1087320.0,1212948.0,535746.0
47781042347,0.0,0.0,0.0,0.0,0.0,0.0,3318.0,18222.0
47781042447,0.0,0.0,0.0,0.0,0.0,0.0,8159.0,39321.0
47781042647,0.0,0.0,0.0,0.0,0.0,0.0,7950.0,28656.0
47781042747,0.0,0.0,0.0,0.0,0.0,0.0,3181.0,17459.0
47781042847,0.0,0.0,0.0,0.0,0.0,0.0,4349.0,17516.0
485005001,768.0,0.0,0.0,0.0,0.0,0.0,0.0,0.0
49884013601,0.0,0.0,0.0,1194.0,53244.0,8089.0,92914.0,0.0
49884013701,0.0,0.0,0.0,1110.0,89280.0,24070.0,116126.0,0.0
49884013801,0.0,0.0,0.0,0.0,28111.0,672.0,64488.0,0.0
49884019701,0.0,0.0,0.0,0.0,10318.0,0.0,56500.0,0.0
49884066601,0.0,0.0,3770.0,0.0,0.0,0.0,0.0,0.0
49884066701,0.0,0.0,3624.0,0.0,0.0,0.0,0.0,0.0
49884066801,0.0,0.0,2510.0,0.0,0.0,0.0,0.0,0.0
49884066901,0.0,0.0,1590.0,0.0,0.0,0.0,0.0,0.0
49884067001,0.0,0.0,659.0,0.0,0.0,0.0,0.0,0.0
49884076178,0.0,0.0,53432.0,79877.0,80506.6,45223.0,13943.0,0.0
49884076278,0.0,0.0,49202.0,91051.0,78720.001,48473.0,21672.0,1255.0
49884076378,0.0,0.0,23188.0,61205.0,52750.0,36709.0,18843.0,3770.0
49884076478,0.0,0.0,54241.01,98116.0,80098.0,51002.0,26914.0,4500.0
49884082111,238781.276,232389.33399999997,195031.07,174984.0,193960.0,139798.0,32314.0,2394.0
49884082211,156486.728,132172.476,83770.94,84553.0,110393.0,79277.0,18695.0,1478.0
49884082311,11011.24,68691.85,52449.85,47547.0,60637.0,44571.0,6945.0,1447.0
49884083301,0.0,0.0,20899.0,44213.0,30230.0,32298.0,10059.0,0.0
49884083401,0.0,0.0,6291.0,36293.0,30969.0,22569.0,5124.0,0.0
49884083501,0.0,0.0,3219.0,18457.0,12974.0,7172.0,0.0,0.0
49884083601,0.0,0.0,5865.0,14222.0,4290.0,5864.0,0.0,0.0
49884083701,0.0,0.0,2028.0,13154.0,12624.0,9010.0,0.0,0.0
49884083801,0.0,0.0,5048.0,19077.0,21292.0,12772.0,1248.0,0.0
49884094601,571382.515,626474.774,212145.76,127427.0,53038.0,56595.9,37598.0,5521.0
49884094605,2101714.624,2030129.769,658256.36,141485.0,46120.001000000004,13370.0,0.0,0.0
50111061603,0.0,33.001,0.0,0.0,0.0,0.0,0.0,0.0
50268014511,0.0,0.0,0.0,0.0,0.0,0.0,0.0,18.0
50268040111,0.0,0.0,0.0,0.0,0.0,0.0,0.0,110.0
50268040211,0.0,0.0,0.0,0.0,0.0,0.0,132.0,52.0
50268040215,0.0,0.0,0.0,0.0,0.0,0.0,334.0,746.0
50268077315,4296.0,0.0,0.0,0.0,0.0,0.0,0.0,0.0
50383007916,2.1123361952000003E7,4.061604632900001E7,3.9422058099E7,2.9071461839E7,3.1146262568000004E7,2.6435926152E7,1.649448108E7,3446487.603
50383028793,0.0,0.0,0.0,0.0,0.0,131863.0,1161213.0,432055.75
50383029493,0.0,0.0,0.0,0.0,0.0,5349.0,45629.0,27105.0
50383092493,0.0,41578.954,76915.87,170163.0,242239.0,272377.0,330998.0,147796.5
50383093093,31827.252,418906.335,930410.61,1825468.785,2309052.5,2168380.969,2636563.95,1137277.5
50458003305,117.0,0.0,0.0,0.0,0.0,0.0,0.0,0.0
50458003405,361.0,0.0,0.0,0.0,0.0,0.0,0.0,0.0
50458003605,2145.0,0.0,0.0,0.0,0.0,0.0,0.0,0.0
50458009005,27465.0,18205.0,12203.0,8037.0,3874.0,125.0,0.0,0.0
50458009105,158113.001,107027.001,64237.0,35431.0,35168.0,12764.0,250.0,0.0
50458009205,200333.00400000002,129754.01199999999,73309.0,42788.0,40825.0,15887.0,1448.0,0.0
50458009305,166832.003,104532.07,58166.04,32126.0,28084.0,12546.0,1018.0,0.0
50458009405,253642.126,165477.93099999998,96403.01,58907.4,55936.91,26426.0,9936.0,3051.0
50458051360,2089.0,0.0,0.0,948.0,121.0,0.0,0.0,0.0
50458051380,0.0,0.0,37.0,26.0,0.0,0.0,0.0,0.0
50458065060,21222.0,0.0,0.0,0.0,0.0,0.0,0.0,0.0
50458065330,1405.0,0.0,0.0,0.0,0.0,0.0,0.0,0.0
50458065730,136371.0,6186.0,0.0,0.0,0.0,0.0,0.0,0.0
50458065960,113051.23999999999,82932.76000000001,48417.0,50289.0,33270.0,13137.0,10997.0,251.0
50458082002,1300.0,1126.0,2362.0,0.0,0.0,975.0,0.0,0.0
50458082004,1501882.941,968201.11,715314.81,685661.001,697872.8759999999,815552.0,682372.0,11743.0
50458083004,882593.245,581560.931,480491.91000000003,393446.0,376032.0,431542.0,339344.0,6235.0
50458084002,0.0,4023.0,6961.0,3581.0,0.0,0.0,0.0,0.0
50458084004,1089051.564,974386.503,911800.836,706961.001,678452.0,695201.0,473799.0,5520.0
50458086001,4194.0,45842.0,54226.94,54116.0,74073.0,128339.0,113147.0,4278.0
50458086101,13413.119999999999,146739.8,149729.0,140722.0,156039.0,244952.0,179497.0,3827.0
50458086201,6728.0,81060.88,92885.94,76127.0,87445.0,128708.0,106406.0,0.0
50458086301,5669.0,64701.941000000006,81732.0,92632.0,79371.0,74518.0,57160.0,0.0
50458086401,0.0,12667.0,26327.0,24076.0,20516.0,28604.0,18810.0,0.0
50474090201,3247.0,629.0,1044.0,0.0,28.0,0.0,0.0,0.0
50474090701,40512.0,9006.0,1692.0,0.0,0.0,0.0,0.0,0.0
50474090750,0.0,0.0,1207.0,0.0,0.0,0.0,0.0,0.0
50474091001,84836.0,19243.0,4849.0,0.0,0.0,0.0,0.0,0.0
50474091050,2130.0,1552.0,0.0,0.0,0.0,0.0,0.0,0.0
50474093001,0.0,0.0,0.0,39.0,0.0,640.0,0.0,0.0
50991057801,32067.0,39665.0,23640.0,624.0,1222.0,0.0,0.0,0.0
50991057901,20584.0,37352.0,75404.0,31965.0,26594.0,15515.0,10946.0,4951.0
51021091030,0.0,0.0,0.0,0.0,3460.0,0.0,0.0,0.0
51021091090,0.0,0.0,0.0,0.0,4630.0,1050.0,0.0,0.0
51079016101,34.0,0.0,0.0,0.0,0.0,27.0,124.0,0.0
51079016120,10914.503,1828.5,1995.0,2497.0,7850.0,15724.0,2422.0,1312.0
51079016121,0.0,813.0,391.0,0.0,0.0,0.0,672.0,0.0
51079016199,0.0,0.0,105.0,98.0,0.0,0.0,0.0,0.0
51079025401,0.0,790.0,0.0,0.0,0.0,0.0,0.0,0.0
51079032221,320.0,0.0,0.0,0.0,0.0,0.0,0.0,0.0
51079042021,17.0,0.0,0.0,0.0,0.0,0.0,0.0,0.0
51079042099,435.001,75.001,36.0,0.0,0.0,0.0,0.0,0.0
51079077701,0.0,0.0,68.0,31.0,344.0,1983.5,1201.0,246.0
51079077720,0.0,0.0,0.0,0.0,0.0,5241.0,10459.0,3936.1
51079077721,1486.0,3170.0,1134.0,878.0,4684.0,870.0,152.0,0.0
51079077820,0.0,0.0,0.0,0.0,0.0,227.0,122.0,861.0
51079077821,0.0,0.0,0.0,1093.0,29.0,75.0,0.0,0.0
51079077901,0.0,0.0,0.0,0.0,15.0,122.0,43.0,51.0
51079077920,0.0,0.0,0.0,0.0,13.0,615.0,1510.0,215.0
51079077921,98.0,0.0,108.0,0.0,45.0,202.0,0.0,0.0
51079078099,1646.0,5481.0,909.0,123.0,0.0,0.0,0.0,0.0
51079099101,88324.05,7543.555,2215.001,1761.5,2134.5,3162.5,3317.4,1209.0
51079099120,39643.0,34685.805,45661.454,36914.61,71464.503,26000.754,20187.7,5179.0
51079099130,0.0,870.0,0.0,0.0,0.0,0.0,0.0,0.0
51079099156,40437.001000000004,15480.001,18641.001,16724.0,4433.0,6475.0,37658.0,0.0
51079099157,1199.001,17.0,0.0,0.0,0.0,0.0,0.0,0.0
51224010250,0.0,10865.0,92241.0,97009.0,213618.0,47130.0,6410.0,0.0
51862018501,0.0,0.0,0.0,0.0,0.0,0.0,659580.0,7460.0
51862018601,0.0,0.0,0.0,0.0,0.0,0.0,503119.0,3990.0
51862018701,0.0,0.0,0.0,0.0,0.0,0.0,212291.0,16144.0
51862018801,0.0,0.0,0.0,0.0,0.0,0.0,104506.0,5620.0
51862022701,0.0,0.0,0.0,0.0,433032.001,1878267.0,1150076.0,1682.0
51862022705,0.0,0.0,0.0,0.0,179990.0,1412074.0,537959.0,0.0
51862022801,0.0,0.0,0.0,0.0,736993.0,1770030.0,1164297.0,95529.0
51862022805,0.0,0.0,0.0,0.0,347721.0,1370351.0,93952.0,0.0
51862022901,0.0,0.0,0.0,0.0,980703.0,2364935.0,211094.0,0.0
51862022905,0.0,0.0,0.0,0.0,1065666.0,2535721.0,108085.0,0.0
51862031478,0.0,0.0,0.0,0.0,0.0,0.0,0.0,335.0
51862058501,0.0,0.0,0.0,0.0,0.0,0.0,19026.0,28635.0
51862058505,0.0,0.0,0.0,0.0,0.0,0.0,58850.0,14612.0
51862058601,0.0,0.0,0.0,0.0,0.0,0.0,0.0,2501.0
51862058605,0.0,0.0,0.0,0.0,0.0,0.0,4848.0,0.0
51862058701,0.0,0.0,0.0,0.0,0.0,0.0,205596.0,39468.0
51862058705,0.0,0.0,0.0,0.0,0.0,0.0,215708.0,66754.0
51991007301,169261.45,214025.3,83330.0,127002.0,686929.0,1079626.0,968285.0,342868.0
51991007401,613283.5869999999,497693.901,442015.822,480040.0,406994.0,365192.0,298780.0,112567.0
51991007405,12809.001,0.0,685.0,0.0,0.0,860.0,0.0,0.0
52152015702,28.0,0.0,0.0,0.0,0.0,0.0,0.0,0.0
52152021402,1.5632398627E7,968388.754,142615.06,0.0,0.0,0.0,0.0,0.0
52152021502,1.9021701478E7,1112538.7140000002,151161.39,0.0,0.0,0.0,0.0,0.0
52152041002,6848.0,0.0,0.0,0.0,0.0,0.0,0.0,0.0
52152041102,17290.4,0.0,0.0,0.0,0.0,0.0,0.0,0.0
52544001160,0.0,0.0,0.0,13907.0,62885.0,139420.0,87615.0,6975.0
52544003260,0.0,0.0,0.0,55132.0,173597.0,401486.0,288214.0,22328.0
52544003960,0.0,0.0,0.0,3567.0,32676.0,109009.0,78104.0,3768.0
52544005260,0.0,0.0,0.0,20007.0,65371.0,97440.0,51029.0,0.0
52544006360,0.0,0.0,0.0,36416.0,108988.0,207354.0,144104.0,4032.0
52544016101,0.0,0.0,8561.0,53922.0,49329.0,54524.0,24308.0,3418.0
52544016105,0.0,0.0,5104.0,3928.0,0.0,0.0,3641.0,2958.0
52544016460,0.0,0.0,0.0,21878.0,68341.0,61430.0,31348.0,0.0
52544021160,0.0,0.0,0.0,36882.0,135977.0,280767.0,200611.0,15306.0
52544022060,0.0,0.0,0.0,900.0,0.0,4350.0,0.0,0.0
52544053901,158920.0,85676.0,37236.0,0.0,28.0,0.0,0.0,0.0
52544053905,5776.0,1116.0,0.0,0.0,0.0,0.0,0.0,0.0
52544089660,0.0,0.0,0.0,11514.0,41092.0,64688.0,37298.0,0.0
52544091301,986.0,2902.0,1149.0,189.0,0.0,622.0,36.0,80.0
52544091348,0.0,0.0,120.0,510.0,1213.0,657.0,0.0,0.0
52544095601,4342.0,0.0,3470.0,0.0,0.0,0.0,0.0,0.0
527131201,501405.17199999996,252053.981,191121.76,195902.061,276410.0,474044.0,446828.0,109210.0
527135301,1287174.675,1353896.923,1610433.1840000001,1327652.502,899016.0,591572.5,345893.0,108416.0
527135401,894026.4450000001,1276263.103,2058206.5590000001,1821864.003,1333466.0,914273.0,608933.0,199777.0
527135501,922885.73,934971.11,993564.096,936139.0,548372.0,432155.0,350491.0,120977.0
527142536,32840.25,105428.46900000001,68010.5,75496.5,59559.0,12576.0,9266.0,0.0
527142562,9589.0,27063.0,5827.75,13587.0,1869.0,0.0,0.0,0.0
527142563,7460.0,2525.0,0.0,0.0,0.0,0.0,0.0,0.0
527142636,179350.25,97488.70000000001,2395.0,0.0,10395.0,25658.1,47271.5,8628.5
527169801,0.0,0.0,0.0,0.0,9958.0,38100.0,41863.0,14113.0
527169901,0.0,0.0,0.0,0.0,0.0,995.0,3632.0,0.0
527177401,0.0,0.0,0.0,0.0,0.0,1946.0,0.0,0.0
527190636,0.0,0.0,0.0,0.0,0.0,0.0,11956.4,8430.0
527190662,0.0,0.0,0.0,0.0,0.0,0.0,2002.0,4638.0
53489049901,34535.0,78.0,0.0,0.0,0.0,0.0,0.0,0.0
53489049905,33814.0,0.0,0.0,0.0,0.0,0.0,0.0,0.0
53489049910,19205.0,0.0,0.0,0.0,0.0,0.0,0.0,0.0
53746010901,1.1747437737E7,9981010.124000002,1.4947917203E7,2.8371542125E7,3.2312504012999997E7,3.041092371E7,2.3473494E7,8314329.0
53746010905,2077476.689,4093991.002,6520931.987,8465950.502,1.120831608E7,8440605.504,6205973.5,2036688.0
53746010910,0.0,0.0,0.0,0.0,0.0,0.0,952.0,1806.0
53746011001,3898636.24,2316702.925,3152816.3419999997,3339925.0,1.2443702001E7,1.172570075E7,7207392.5,1374044.0
53746011005,6197483.769,8607881.061999999,1.401322434E7,1.4940957416000001E7,1.4695138945E7,9632472.0,8755645.0,5276769.0
53746011010,3120.0,2940.0,0.0,0.0,0.0,0.0,0.0,0.0
53746011101,183828.302,53071.880000000005,161729.0,0.0,0.0,0.0,0.0,0.0
53746011105,2959004.111,1034890.474,2013499.731,59794.0,0.0,0.0,0.0,0.0
53746011110,181878.0,0.0,0.0,0.0,0.0,0.0,0.0,0.0
53746011201,109652.63,34458.984,82920.67,0.0,0.0,0.0,0.0,0.0
53746011205,691900.8200000001,369664.106,1425177.09,22820.0,0.0,0.0,0.0,0.0
53746011210,1580.0,8977.0,0.0,0.0,0.0,0.0,0.0,0.0
53746011301,23506.0,4167.0,25864.0,0.0,0.0,0.0,0.0,0.0
53746011305,176201.0,86576.0,184862.0,0.0,0.0,0.0,0.0,0.0
53746011401,159385.1,19175.989999999998,116360.0,0.0,0.0,0.0,0.0,0.0
53746011405,221996.1,97445.0,1250700.0,69955.0,0.0,0.0,0.0,0.0
53746011410,4392.0,0.0,0.0,0.0,0.0,0.0,0.0,0.0
53746011601,0.0,0.0,1854.0,0.0,0.0,0.0,0.0,0.0
53746011701,0.0,21956.0,142157.0,194776.0,136770.0,133545.0,71759.0,14329.0
53746011801,107924.12,68114.99799999999,97590.0,646.0,0.0,0.0,0.0,0.0
53746011805,1214283.8009999997,515200.195,2060818.884,46580.0,0.0,0.0,0.0,0.0
53746011810,1164.0,0.0,0.0,0.0,0.0,0.0,0.0,0.0
53746011901,5170040.978,1210873.56,177449.0,0.0,0.0,0.0,0.0,0.0
53746011905,1656503.442,494674.12,1635236.8609999998,0.0,0.0,0.0,0.0,0.0
53746011910,9998.0,0.0,0.0,0.0,0.0,0.0,0.0,0.0
53746014501,2225718.332,1858234.675,2172584.1399999997,2729538.0,2320538.0,2134786.0,1539306.0,488424.0
53746014601,0.0,5232.0,63077.0,103551.0,57449.0,28348.0,11724.0,5150.0
53746020301,5959176.102,7667643.909,1.0650455737000002E7,1.7748619049E7,1.5862190005E7,1.41379482E7,6059427.0,844983.0
53746020305,3615655.994,3853141.5579999997,4230805.373,5894087.102,8619447.002999999,7957102.632,4695894.0,1411825.03
53746020401,1.0235566868E7,1.4013884644000001E7,2.5303878862E7,3.3642925095E7,3.8636435027E7,3.8202164497E7,2.2940878E7,1805455.0
53746020405,0.0,0.0,0.0,0.0,0.0,661251.0,2858082.0,1378926.0
53746020501,198019.154,346033.64,260120.05599999998,928.0,0.0,0.0,0.0,0.0
53746020601,857223.1390000001,884110.045,692303.65,4993.0,0.0,0.0,0.0,0.0
53746061701,0.0,0.0,0.0,632257.0,908668.0,638536.98,557449.98,216633.0
53746061705,0.0,0.0,0.0,650418.06,1271889.0,574170.0,113052.0,48276.0
53746061710,0.0,0.0,0.0,63867.0,190407.0,182721.0,139775.0,51331.0
54017613,192384.654,252775.377,329937.701,472491.676,532522.0,665300.0,559715.0,237551.0
54017713,2091950.8190000001,3001390.0870000003,4160141.5250000004,5558877.496,6572891.9,6602376.05,6870129.595,3233000.375
54018813,0.0,0.0,0.0,62797.0,292523.0,348198.007,489730.5,317434.66599999997
54018913,0.0,0.0,0.0,1082936.5,4342508.001,4725133.5,6865172.53,5158315.0
54023524,0.0,3011.0,2742.0,3881.0,9403.0,9506.0,8325.0,2207.0
54023525,9910533.761,1.0240493029000001E7,1.0346180612E7,1.0488078567E7,1.0880609835E7,1.0468134211000001E7,9115748.685,3627482.5
54023624,0.0,0.0,0.0,0.0,1570.0,477.0,1436.0,0.0
54023625,8174666.3040000005,8192262.177,8153988.836000001,7761091.842,7399036.32,6588406.82,5137562.567,1817539.0
54023741,0.0,0.0,0.0,0.0,205.0,0.0,0.0,0.0
54023749,103711.39,39662.0,52055.246,62733.3,86455.8,68483.668,94100.484,28597.52
54023755,19190.0,3574.0,0.0,0.0,0.0,0.0,0.0,0.0
54023763,2087069.6679999996,2254746.7800000003,2074246.421,1848374.0920000002,1837506.0599999998,1596732.933,1455713.219,571678.073
54023849,16310.0,4127.0,0.0,0.0,3390.0,8679.2,4518.0,2872.0
54023863,726727.2,446738.229,424261.8,267449.0,358784.925,272533.9,253447.313,64757.4
54024324,29281.059999999998,23809.03,18748.0,15110.0,19393.0,19243.0,15200.0,3038.0
54024424,0.0,0.0,0.0,0.0,0.0,329.0,0.0,0.0
54024425,665502.3010000001,525861.157,458906.86,394822.53,350078.0,236142.0,145526.0,48210.0
54024525,6906.0,24008.0,38591.0,61599.0,71111.0,57371.0,46670.0,18360.0
54026424,9777.0,5825.0,2915.0,2002.0,1571.0,0.0,0.0,0.0
54026425,2125373.49,3148712.1890000002,2824226.2410000004,1541758.001,1367300.5,1492420.5,1116757.012,359864.0
54026525,732491.48,1132466.181,1224931.995,1013065.143,796903.0,971630.0,369126.875,63492.0
54028325,183466.75,181485.87,208365.85,102530.0,58333.0,38167.0,31770.0,0.0
54028425,469400.37,594865.022,753623.87,378307.0,340321.0,273791.0,176947.0,27571.0
54035244,170213.65,690.0,0.0,0.0,0.0,0.0,0.0,0.0
54035250,218214.80000000002,0.0,0.0,0.0,0.0,0.0,0.0,0.0
54038663,0.0,88038.6,156067.2,250892.8,362069.125,426326.39999999997,359542.2,162818.8
54039063,0.0,0.0,0.0,0.0,4701071.22,6544982.459999999,5774354.09,2356941.46
54039168,0.0,0.0,0.0,0.0,0.0,0.0,13295.0,170356.5
54039268,0.0,339.0,0.0,0.0,0.0,35076.51,250440.9,1049571.38
54040441,0.0,0.0,0.0,0.0,180.0,1188.0,0.0,0.0
54040444,577929.8400000001,582095.814,404706.642,331403.29099999997,389046.901,262437.5,137935.3,25604.5
54040450,477672.445,521347.885,435746.6,357959.152,308916.751,157147.75,67779.7,14684.5
54043825,0.0,5616.0,25795.0,39004.0,37847.5,0.0,0.0,0.0
54051741,0.0,0.0,0.0,0.0,0.0,3887.0,7505.0,3604.5
54051744,0.0,0.0,0.0,0.0,4290.0,191774.75,191625.4,76849.901
54051750,0.0,0.0,0.0,0.0,0.0,14135.0,11095.0,2239.75
54052341,0.0,0.0,0.0,2907.0,0.0,0.0,0.0,0.0
54052363,0.0,0.0,419349.6,4383836.761,2255028.82,77236.8,0.0,0.0
54055125,0.0,0.0,0.0,6011741.003,1.9414006025E7,1.9082136E7,1.210426445E7,335327.0
54055129,0.0,0.0,0.0,9007.0,58972.0,143954.0,73442.0,5466.0
54123011430,0.0,0.0,0.0,0.0,0.0,85694.0,184275.0,82318.0
54123090730,0.0,0.0,0.0,0.0,0.0,0.0,2923.0,5510.0
54123091430,0.0,0.0,0.0,46069.0,276731.0,423971.0,200264.0,78879.0
54123092930,0.0,0.0,0.0,0.0,0.0,82466.0,186755.0,90551.0
54123095730,0.0,0.0,7392.0,765495.0,3265565.0,3866963.0,3467182.0,1657478.0
54123098630,0.0,0.0,0.0,0.0,50636.0,514594.0,932587.7220000001,410777.0
54279525,361872.10099999997,209810.0,9469.060000000001,0.0,0.0,0.0,0.0,0.0
54309036,29010.834,27048.251,29745.0,34453.19,28234.17,22379.6,16672.5,5982.5
54354563,324182.745,274144.26499999996,227821.403,179115.95599999998,187343.90899999999,174837.18,122469.32599999999,56016.219999999994
54355344,50859.0,30588.0,15950.4,12335.0,19325.5,14130.5,958.0,0.0
54355467,51180.2,0.0,0.0,0.0,0.0,0.0,0.0,0.0
54355563,1074560.949,941708.692,807466.4450000002,892900.5299999998,686167.2050000001,690214.0399999999,652795.1210000002,255469.22000000003
54355663,461273.61000000004,389842.82300000003,334950.05,299182.91000000003,251208.65,346811.75,236568.85,90551.545
54368663,6521449.102,1.0089245411E7,5539393.13,4063235.7810000004,74914.0,0.0,0.0,0.0
54415625,3260.0,0.0,0.0,0.0,0.0,0.0,0.0,0.0
54421925,0.0,0.0,0.0,0.0,140.0,82.0,0.0,0.0
54437025,2058.0,0.0,0.0,0.0,0.0,0.0,0.0,0.0
54439225,2019.0,0.0,0.0,0.0,0.0,0.0,0.0,0.0
54439425,1328.0,0.0,0.0,0.0,0.0,0.0,0.0,0.0
54453825,0.0,0.0,0.0,0.0,81916.75,319136.0,381964.3,42728.0
54457025,2978776.4259999995,3091113.266,3089199.2090000003,2661465.476,2661725.0009999997,3134568.5,1967349.5,626848.0
54457125,4.0701434197E7,4.3598004518E7,3.4266138246E7,2.4712077343999997E7,1.4980420792000001E7,1.29641005E7,8829258.030000001,2788447.5
54458225,4713.0,0.0,0.0,0.0,0.0,0.0,0.0,0.0
54459525,82017.0,68237.0,123326.0,123353.0,80372.0,85140.0,119632.0,24802.5
54459625,684.0,0.0,3456.0,0.0,0.0,0.0,0.0,0.0
54465025,5243764.72,1481115.9349999998,4568653.895,870526.0,2423.0,0.0,0.0,0.0
54465029,2743133.883,225341.783,243591.059,217412.0,935.0,0.0,0.0,0.0
54839224,2376.0,111.0,0.0,0.0,0.0,0.0,0.0,0.0
54855324,1694.0,0.0,0.0,48.0,0.0,0.0,0.0,0.0
54855424,42373.5,21782.010000000002,39968.5,19820.5,35149.0,9957.5,1832.5,0.0
54858224,14.0,0.0,0.0,0.0,0.0,0.0,0.0,0.0
54859511,19.0,0.0,0.0,0.0,0.0,0.0,0.0,0.0
54864816,2052.63,887.92,947.81,261.85,0.0,0.0,0.0,0.0
54865024,16258.001,1945.0,748.0,13886.0,1294.0,205.0,32.0,34.0
55253007330,5650.0,0.0,0.0,0.0,0.0,0.0,0.0,0.0
55253007430,1440.0,0.0,0.0,0.0,510.0,0.0,0.0,0.0
55253007530,36033.0,46977.49,25842.0,6408.0,0.0,0.0,0.0,0.0
555030302,6893.0,0.0,0.0,0.0,0.0,0.0,0.0,0.0
555030305,16324.0,0.0,0.0,0.0,0.0,0.0,0.0,0.0
555030402,9600.0,0.0,0.0,0.0,0.0,0.0,0.0,0.0
555030404,28119.27,8028.0,0.0,0.0,0.0,0.0,0.0,0.0
555030502,10627.0,0.0,0.0,0.0,0.0,0.0,0.0,0.0
555038102,576857.408,418599.83499999996,369163.842,220381.62,244130.0,152549.5,112141.0,44533.0
555038202,73670.16,25178.371,17986.0,12436.0,0.0,0.0,0.0,0.0
555039202,0.0,0.0,0.0,0.0,1500.0,0.0,0.0,0.0
555065802,746205.03,201937.97,3041.0,0.0,0.0,0.0,0.0,0.0
555108001,0.0,0.0,0.0,0.0,252.0,0.0,0.0,0.0
555108501,1395.0,0.0,0.0,0.0,0.0,0.0,0.0,0.0
574015312,0.0,0.0,1951.0,1880.0,1950.0,0.0,0.0,0.0
574015330,0.0,0.0,6585.0,34325.0,4680.0,900.0,0.0,0.0
574029301,0.0,0.0,0.0,0.0,2687.0,9532.0,2579.0,0.0
574029401,0.0,0.0,0.0,0.0,634.0,4326.0,0.0,0.0
574029501,0.0,0.0,0.0,0.0,2468.0,15870.0,4269.0,732.0
574704012,823.0,1586.0,616.0,995.0,886.0,4446.0,2325.0,594.0
574704512,1103.0,2229.0,1416.0,1447.0,2086.0,2852.0,2943.0,862.0
574722406,8521.0,9553.0,9368.0,9599.08,11455.0,3575.0,1891.0,166.0
57664011113,1168.0,0.0,0.0,0.0,0.0,0.0,0.0,0.0
57664012613,33306.0,472927.0,1011455.425,1096361.0,139650.5,18093.0,3119.0,0.0
57664012688,189050.317,859463.321,2280388.402,2793866.89,2082619.0,1385980.0,999291.0,321033.0
57664015513,0.0,0.0,0.0,0.0,0.0,0.0,8646.0,126570.0
57664015588,0.0,0.0,0.0,0.0,0.0,0.0,29645.0,60302.0
57664015688,0.0,0.0,0.0,0.0,0.0,0.0,16998.0,29688.0
57664016088,0.0,0.0,0.0,0.0,0.0,390.0,157329.003,129445.0
57664017013,29475.0,61982.0,846724.605,1261035.0,69767.0,46623.0,10264.0,3074.0
57664017088,179340.0,30697.0,1106459.391,1796501.001,2642487.0,1103174.0,768113.0,266157.0
57664017613,38583.0,472303.0,1960014.48,3339517.0,209429.0,64144.0,1830.0,0.0
57664017688,56374.0,55408.0,1231282.331,544740.0,7760593.0,1.8103452E7,1.8751354E7,8152822.0
57664018788,289788.27,2010626.82,4103190.002,5093504.502,3614387.002,1623175.0,1000094.0,530880.0
57664022388,450988.43,3719136.5,8427531.172,1.1428181871000001E7,1.3667277742E7,9048320.498,8094844.4,3373688.5
57664022488,852884.203,1918178.555,3125340.909,5166653.0,2806136.2,2322479.0,1717227.0,168269.0
57664037088,0.0,0.0,10893.0,815662.0,1490249.0,1269990.0,710129.0,486197.0
57664037188,0.0,0.0,0.0,269025.0,503995.0,510656.0,622359.0,297216.0
57664037708,2526162.741,3343395.567,5608190.387,6374024.0,5104601.644,8334819.0139999995,8052977.0030000005,5794018.03
57664037713,2861118.1790000005,5339557.481000001,9113025.619,1.5738240742E7,1.4862388279E7,1.101759066E7,6820717.578,3172872.42
57664037718,5696444.512,1.0457488791000001E7,3.8709220559E7,4.3630885299E7,4.7456050458000004E7,3.7065820488E7,3.1711913947E7,1.2340982076E7
57664053713,71383.12,26792.7,28674.03,161675.0,124501.0,17196.0,0.0,0.0
57664053718,97419.45999999999,42280.82,173841.09,198726.0,86667.0,44152.0,18300.0,7263.0
57664053788,69418.0,61488.0,299351.491,548637.0,182835.0,121375.0,34790.0,8825.0
58177004104,820.0,0.0,0.0,0.0,0.0,0.0,0.0,0.0
58177004111,112.0,27.0,0.0,0.0,0.0,0.0,0.0,0.0
58177029811,0.0,0.0,33.0,0.0,0.0,0.0,0.0,0.0
58177044504,2500.0,1552.0,0.0,0.0,0.0,0.0,0.0,0.0
58177044604,3581.0,0.0,0.0,0.0,0.0,0.0,0.0,0.0
58177046104,1135.0,0.0,99.0,0.0,0.0,0.0,0.0,0.0
58177062504,27280.0,0.0,0.0,0.0,0.0,0.0,0.0,0.0
58177068104,24656.0,0.0,0.0,0.0,0.0,0.0,0.0,0.0
58177068304,6172.0,0.0,800.0,0.0,0.0,0.0,0.0,0.0
58407009101,903.0,0.0,0.0,0.0,0.0,0.0,0.0,0.0
59011010010,77143.0,0.0,0.0,0.0,0.0,0.0,0.0,0.0
59011010020,773.2,42.0,93.0,0.0,0.0,0.0,0.0,0.0
59011010310,121735.0,0.0,0.0,0.0,0.0,0.0,0.0,0.0
59011010320,259.0,0.0,0.0,0.0,0.0,0.0,0.0,0.0
59011010510,169402.06,778.0,0.0,0.0,0.0,0.0,0.0,0.0
59011010710,183772.0,2316.0,0.0,0.0,0.0,0.0,0.0,0.0
59011026125,1753.0,0.0,0.0,0.0,0.0,660.0,700.0,0.0
59011026210,9668.0,0.0,0.0,0.0,0.0,0.0,0.0,0.0
59011026310,16255.0,0.0,0.0,0.0,0.0,0.0,0.0,0.0
59011027160,0.0,0.0,0.0,0.0,27572.0,122530.0,226560.0,101060.0
59011027260,0.0,0.0,0.0,0.0,22198.0,116397.0,183845.0,81474.0
59011027360,0.0,0.0,0.0,0.0,21748.0,100205.0,162463.0,71519.0
59011027460,0.0,0.0,0.0,0.0,7644.0,52292.0,93077.0,37866.0
59011027560,0.0,0.0,0.0,0.0,0.0,14590.0,22719.0,9621.0
59011027660,0.0,0.0,0.0,0.0,0.0,420.0,5551.0,1872.0
59011033430,19003.0,0.0,0.0,0.0,0.0,0.0,0.0,0.0
59011033530,27018.0,0.0,0.0,0.0,0.0,0.0,0.0,0.0
59011033630,34591.0,1634.0,0.0,0.0,0.0,0.0,0.0,0.0
59011041010,2896589.002,2635114.6010000003,2560638.0,2846232.914,3035816.772,2709346.0,2434491.0,1009753.0
59011041020,40.0,1029.69,1550.78,1197.0,2264.0,1559.4,2192.0,441.0
59011041510,473567.0,598849.0,752337.001,1005374.0,1315980.0,1571918.98,1532948.0,627647.0
59011042010,5860934.203,5126674.203,4788842.0,4890988.36,4876332.001,4293573.0,3612246.0,1423582.0
59011042020,0.0,717.0,722.34,96.0,927.0,932.0,1228.0,0.0
59011043010,2362689.0020000003,2548537.4,2750817.002,3031335.3019999997,3322165.0,3299352.0,2727008.0,995026.0
59011044010,6883995.203,5853369.602,4979235.001,4483673.348999999,3767134.0,2676241.0,1868960.0,771965.0
59011044020,0.0,0.0,0.0,0.0,4511.0,0.0,0.0,0.0
59011045101,618520.75,356173.0,2793.0,0.0,0.0,0.0,0.0,0.0
59011045201,3513.962,3108.6409999999996,3802.62,1320.0,1008.0,210.0,0.0,0.0
59011045210,3353.0,245.0,118.0,0.0,0.0,0.0,0.0,0.0
59011045405,135210.0,10376.0,0.0,0.0,0.0,0.0,2930.0,0.0
59011045410,387916.0,182532.0,86278.0,42590.0,29205.0,18710.0,3966.0,0.0
59011045810,75515.0,30885.0,9927.0,0.0,0.0,0.0,0.0,0.0
59011046010,2818956.002,2826531.402,2753093.002,2688501.001,2592243.06,2332010.0,1766978.0,605373.0
59011046020,0.0,0.0,0.0,420.0,0.0,0.0,0.0,0.0
59011048010,8865078.002,7285185.204,5975482.001,5106454.091,3826755.06,2428983.0,1401254.0,472150.0
59011075004,16750.0,16078.0,16023.0,24331.0,31731.0,45625.0,44402.0,10725.0
59011075104,26958.0,42695.005,48689.0,66216.0,80001.0,101654.0,99794.0,25316.0
59011075204,11592.0,28879.0,41541.0,50577.0,66020.012,75673.0,74469.0,26516.0
59011075704,0.0,0.0,0.0,0.0,5169.0,15400.0,21745.0,7748.0
59011075804,0.0,0.0,204.0,17288.0,40446.0,54150.0,59663.0,21896.0
59011081510,36776.0,0.0,0.0,0.0,0.0,0.0,0.0,0.0
59011083010,87335.0,2420.0,0.0,0.0,0.0,0.0,0.0,0.0
59011086010,104800.0,810.0,0.0,0.0,0.0,0.0,0.0,0.0
591034901,1939066.055,1880289.898,936410.08,74275.0,0.0,0.0,0.0,0.0
591034905,8.375172792300001E7,7.3789258984E7,5.0254263339E7,5513953.131,45156.03,37031.0,0.0,0.0
591038501,3072326.01,4282967.835,6713305.537,362986.0,0.0,0.0,0.0,0.0
591038505,3.5121358357999995E7,3.471226659899999E7,2.1589917395E7,1721208.56,16295.0,2230.0,0.0,0.0
591038701,1912060.341,1908123.957,1222352.9479999999,100101.0,0.0,0.0,0.0,0.0
591038705,4.449479163400001E7,4.395298074E7,2.9967326883E7,2376410.075,15224.0,0.0,0.0,0.0
591038801,675110.219,583217.0,487874.01300000004,42277.0,0.0,0.0,0.0,0.0
591039501,1017595.58,669783.0,532861.88,458307.0,357807.0,230501.0,189634.0,63735.0
591039601,124000.0,105403.0,58947.0,4353.0,0.0,0.0,0.0,0.0
591050201,1381789.615,1308246.512,565954.9739999999,0.0,0.0,0.0,0.0,0.0
591050205,4218222.0030000005,4359649.0,1749114.002,7055.0,0.0,0.0,0.0,0.0
591050301,8248428.076,7154466.392999999,2274473.85,5314.0,0.0,0.0,0.0,0.0
591050305,1.4937541427999998E7,1.533222924E7,6151511.1899999995,29156.0,600.0,0.0,0.0,0.0
591051701,110666.25,1700603.541,1250544.88,132255.0,0.0,0.0,0.0,0.0
591054001,6903359.88,6420539.171,1669720.411,4229.0,0.0,0.0,0.0,0.0
591054005,6.5365287216E7,6.3881799189E7,1.2809017509000001E7,147329.0,10795.0,0.0,0.0,0.0
591073701,4223.0,394.0,605.0,0.0,0.0,0.0,0.0,0.0
591074901,398813.08999999997,610806.155,770074.591,317774.0,6988.0,28.0,0.0,0.0
591074905,4.3820711271000005E7,3.5370770938E7,2.9568547897E7,3582913.06,103073.0,0.0,19913.012,0.0
591082001,358250.38,29230.4,0.0,0.0,0.0,0.0,0.0,0.0
591082401,2460527.053,2016256.572,1771163.608,189392.0,0.0,0.0,0.0,0.0
591082501,4555785.238,3979600.441,4926894.551,399945.0,0.0,0.0,0.0,0.0
591085301,6346102.217,4886619.073000001,1929542.25,240785.0,0.0,0.0,0.0,0.0
591085305,6.1455635471E7,6.4899465078E7,2.0298489358E7,408022.0,9055.0,0.0,0.0,0.0
591093201,3.7001173529E7,4.2393617878E7,4.1093521799E7,5415978.001,260924.334,18967.0,0.0,0.0
591093301,1.0864088231999999E7,1.2400217065E7,1.1776306018E7,1276103.002,90457.0,4052.0,0.0,0.0
591217101,0.0,0.0,0.0,0.0,0.0,2768.0,4266.0,1299.0
591217201,0.0,0.0,0.0,0.0,0.0,44782.0,1228341.0,670354.0
591217205,0.0,0.0,0.0,0.0,0.0,2.1774582E7,4.248516E7,1.4802197E7
591217401,0.0,0.0,0.0,0.0,0.0,0.0,113127.0,99229.0
591217501,0.0,0.0,0.0,0.0,0.0,0.0,46174.0,53640.0
591217505,0.0,0.0,0.0,0.0,0.0,0.0,1120.0,0.0
591217601,0.0,0.0,0.0,0.0,0.0,0.0,16721.0,16553.0
591260501,0.0,0.0,1.0609847004E7,1.0387910004E7,4558739.001,3360587.0,2279488.0,853513.0
591260505,0.0,0.0,0.0,2.4397738005E7,3.2102688003E7,2.9073299E7,2.38304558E7,9144339.0
591260901,0.0,0.0,6369450.501,654906.0,680.0,0.0,0.0,0.0
591260905,0.0,0.0,2.9040290009E7,3170763.0,1650.0,0.0,0.0,0.0
591261001,0.0,0.0,3492905.001,466874.94,0.0,1955.0,0.0,0.0
591261005,0.0,0.0,3056879.0,463435.0,0.0,0.0,0.0,0.0
591261101,0.0,0.0,401720.0,44589.0,0.0,0.0,0.0,0.0
591261105,0.0,0.0,625252.0,83771.0,0.0,0.0,0.0,0.0
591261201,0.0,0.0,168516.0,2990914.836,4429026.263,4034106.0,3738213.0,1650815.0
591261205,0.0,0.0,3.3395592002E7,8.6913685007E7,9.6892854001E7,9.1736682E7,7.7558443E7,2.6227376E7
591264101,0.0,0.0,346.0,114048.001,224143.0,385131.0,323349.0,120632.0
591269301,0.0,0.0,0.0,0.0,320255.0,313000.0,153237.0,18138.0
591270801,0.0,0.0,0.0,0.0,322669.0,367446.0,244120.0,82081.0
591319854,0.0,0.0,0.0,0.0,0.0,0.0,130.0,0.0
591319872,285571.225,296703.09,276060.941,294876.001,346755.001,331799.0,245865.0,20854.0
591320201,1.8541614485E7,2.5168238464999996E7,2.727088324E7,4584229.001,4008060.501,2832827.0,108830.0,7839.0
591320205,0.0,0.0,937549.003,5.5986689611E7,6.1486829007E7,3.1804957E7,736943.0,3779.0
591320301,1.5477106311999999E7,1.7093318762000002E7,5949917.763,247451.0,3790.0,0.0,0.0,0.0
591321272,340610.01,337148.909,304454.06200000003,317698.0,326651.0,295131.0,204338.0,17081.0
591321372,248956.459,246204.785,206654.941,209137.0,207413.0,177625.0,121524.0,8794.0
591321472,353562.88,327013.126,291751.31,261116.701,239677.0,205067.1,135386.0,10607.0
591322001,363508.931,361593.791,366397.001,418834.001,771103.0,666988.0,513218.0,204856.0
591322801,34334.0,23983.91,9490.0,0.0,0.0,0.0,0.0,0.0
591344901,0.0,36292.0,1685.0,0.0,0.0,0.0,0.0,0.0
591345001,0.0,33341.0,0.0,0.0,0.0,0.0,0.0,0.0
591345101,0.0,19768.0,0.0,0.0,0.0,0.0,0.0,0.0
591345201,0.0,18186.0,0.0,0.0,0.0,0.0,0.0,0.0
591345301,0.0,16662.0,0.0,0.0,0.0,0.0,0.0,0.0
591351101,131254.0,0.0,0.0,0.0,0.0,0.0,0.0,0.0
591351201,206423.06,2091.0,0.0,0.0,0.0,0.0,0.0,0.0
591351301,101430.0,1214.0,1038.0,0.0,0.0,0.0,0.0,0.0
591351401,52035.0,0.0,0.0,0.0,0.0,0.0,0.0,0.0
591351501,6725.0,0.0,0.0,0.0,0.0,0.0,0.0,0.0
591354601,515534.93100000004,731823.013,525041.032,461511.0,469218.0,271179.0,190062.0,107531.0
591354605,11285.0,11426.0,9031.001,2317.0,1756.0,1614.0,0.0,0.0
591355101,0.0,77392.4,84289.0,64228.0,49711.0,16899.0,4304.0,860.0
591357601,0.0,5439.0,0.0,0.0,0.0,0.0,0.0,0.0
591360072,186.0,0.0,0.0,0.0,215.0,0.0,0.0,0.0
591360172,137.0,0.0,0.0,490.0,0.0,0.0,0.0,0.0
591360372,0.0,0.0,0.0,160.0,0.0,0.0,0.0,0.0
591362901,0.0,0.0,0.0,0.0,3049.0,5789.0,12531.0,5297.0
591363001,0.0,0.0,0.0,0.0,7424.0,9857.0,16033.0,1469.0
591373901,0.0,0.0,0.0,644.0,4492.0,5409.0,2648.0,867.0
591374001,1334870.3,4259.0,2778.0,0.0,0.0,0.0,0.0,0.0
591374101,1753477.501,4155.0,3481.0,0.0,0.0,0.0,0.0,0.0
591374201,1300528.0150000001,7692.98,1113.0,0.0,0.0,0.0,0.0,0.0
591374301,648799.0,2508.0,0.0,0.0,0.0,0.0,0.0,0.0
591374401,61508.0,0.0,0.0,0.0,0.0,0.0,0.0,0.0
59385001230,0.0,0.0,0.0,0.0,0.0,27407.0,23858.0,11380.0
59385001401,0.0,0.0,0.0,0.0,1486.0,0.0,0.0,0.0
59385001430,0.0,0.0,0.0,0.0,240759.0,857020.0,704199.0,324629.0
59385001630,0.0,0.0,0.0,0.0,8214.0,38654.0,54789.0,24899.0
59385002160,0.0,0.0,0.0,0.0,0.0,0.0,6718.0,28937.0
59385002260,0.0,0.0,0.0,0.0,0.0,0.0,614.0,59464.0
59385002360,0.0,0.0,0.0,0.0,0.0,0.0,21813.0,71990.0
59385002460,0.0,0.0,0.0,0.0,0.0,0.0,9840.0,35987.0
59385002560,0.0,0.0,0.0,0.0,0.0,0.0,6517.0,19425.0
59385002760,0.0,0.0,0.0,0.0,0.0,0.0,2489.0,4307.0
59702068301,1122.0,0.0,0.0,0.0,0.0,0.0,0.0,0.0
603233721,270170.424,238519.696,183884.991,159517.0,235272.0,116839.0,11982.0,0.0
603233802,3991.0,0.0,1533.0,14741.0,183769.0,18384.0,0.0,0.0
603233804,9993.0,22260.0,40686.0,248685.001,1124832.287,143244.0,7040.0,0.0
603233816,674.02,0.0,0.0,1328.0,50124.0,1746.0,0.0,0.0
603233820,0.0,0.0,0.0,0.0,51882.0,407.0,0.0,0.0
603233821,1777397.24,1649424.649,1807252.051,3080919.015,4130437.001,860169.0,208073.0,110860.0
603233822,484.0,675.0,0.0,6228.0,130514.0,19678.0,1076.0,0.0
603233832,2.8399948075E7,2.7396851613E7,2.3274770197E7,2.3479656137E7,2.0070569064000003E7,2800820.0,339480.0,180944.0
603233921,2953266.7660000003,2550692.2300000004,2327100.011,2753045.0,3804705.0,2706742.0,148330.0,128328.0
603233928,294827.69,283838.12,256774.51,592262.0,1163727.0,392911.0,82245.0,54123.0
603255321,940719.803,1023800.902,1396281.94,1478601.4,721920.013,332259.0,298155.0,107602.0
603358621,0.0,0.0,0.0,0.0,0.0,1439.0,15753.0,3756.0
603360921,0.0,0.0,0.0,0.0,0.0,2601608.0,4362263.0,1526762.0
603388021,231478.382,184754.001,87390.72,0.0,0.0,0.0,0.0,0.0
603388102,2190.0,25812.0,580.0,0.0,0.0,0.0,0.0,0.0
603388104,4992.0,15075.0,0.0,0.0,0.0,0.0,0.0,0.0
603388112,0.0,2303.0,0.0,0.0,0.0,0.0,0.0,0.0
603388116,0.0,4935.0,0.0,0.0,0.0,0.0,0.0,0.0
603388120,334.0,23021.0,1497.0,0.0,0.0,0.0,0.0,0.0
603388121,1456619.225,984866.25,349728.508,2603.0,0.0,0.0,0.0,0.0
603388122,2617.0,89242.0,8124.0,0.0,0.0,0.0,0.0,0.0
603388128,3.0777295233E7,2.3619536555E7,5868013.253,21936.03,0.0,0.0,0.0,0.0
603388132,3932833.574,3301931.2709999997,1493593.2989999999,26809.0,0.0,0.0,0.0,0.0
603388202,540.0,17757.0,13275.0,0.0,0.0,0.0,0.0,0.0
603388204,0.0,7994.0,0.0,0.0,0.0,0.0,0.0,0.0
603388212,7152.0,0.0,0.0,0.0,0.0,0.0,0.0,0.0
603388216,0.0,3965.0,0.0,0.0,0.0,0.0,0.0,0.0
603388221,1098441.05,1089392.0,339548.061,0.0,0.0,0.0,0.0,0.0
603388222,19039.0,0.0,0.0,0.0,0.0,0.0,0.0,0.0
603388228,3693167.174,3018077.31,1153012.062,1176.0,0.0,0.0,0.0,0.0
603388232,7597409.199,6151833.533,2244158.5530000003,11218.0,0.0,0.0,0.0,0.0
603388321,438434.778,471578.33499999996,166048.0,775.0,0.0,0.0,0.0,0.0
603388322,0.0,1520.0,0.0,0.0,0.0,0.0,0.0,0.0
603388328,4692302.092999999,708617.1799999999,274817.97,0.0,0.0,0.0,0.0,0.0
603388332,1206811.9,885633.337,243810.12,1420.0,0.0,0.0,0.0,0.0
603388421,419841.143,358292.0,155870.838,0.0,0.0,0.0,0.0,0.0
603388428,139912.0,117505.0,81441.0,0.0,0.0,0.0,0.0,0.0
603388502,0.0,0.0,1330.0,0.0,0.0,0.0,0.0,0.0
603388521,2208155.875,1942997.807,741413.395,790.0,0.0,0.0,0.0,0.0
603388528,1549455.0,1067114.0,431601.0,0.0,0.0,0.0,0.0,0.0
603388532,1671352.0,1363019.79,545365.0,6361.0,0.0,0.0,0.0,0.0
603388621,1651490.2389999998,1434029.261,416552.33,1650.0,0.0,0.0,0.0,0.0
603388628,395429.894,470876.73,179814.24,0.0,0.0,0.0,0.0,0.0
603388702,0.0,0.0,0.0,12230.0,49329.0,43650.0,0.0,0.0
603388704,4313.0,0.0,0.0,2635.0,16943.0,11019.0,3517.0,0.0
603388712,0.0,6201.0,599.0,20728.0,9967.0,100579.0,882.0,0.0
603388720,0.0,1062.0,0.0,3495.0,35930.0,11994.0,0.0,0.0
603388721,1.6592151139E7,2.4695868915999997E7,1.9364331363E7,1.7889464171E7,4.3136072003E7,3.86448495E7,2.6536983E7,2784709.0
603388722,0.0,0.0,0.0,12358.0,128552.0,287445.0,188694.0,1066.0
603388726,0.0,0.0,0.0,349.0,9906.0,0.0,0.0,0.0
603388728,2.7699984503E7,3.6881723095E7,4.7181807847E7,6.0146616912999995E7,1.2201533501E7,6453235.5,4326278.0,1238044.0
603388732,9721816.425,1.8626906985999998E7,3.4438887754E7,7.531513139299999E7,5.9524075447E7,6.021002304E7,4.538704453E7,1.327433E7
603388804,0.0,1674.0,0.0,0.0,0.0,0.0,0.0,0.0
603388821,8942897.399,1.0230531074000001E7,1552569.095,20877.0,0.0,1000.0,0.0,0.0
603388822,22113.0,38582.0,10336.0,1088.0,0.0,0.0,0.0,0.0
603388826,3685.0,1029.0,0.0,0.0,0.0,0.0,0.0,0.0
603388828,3429058.891,3207927.1140000005,1888219.721,20077.0,0.0,420.0,0.0,0.0
603388832,4745313.55,3271161.12,1165244.9100000001,5141.0,0.0,0.0,0.0,0.0
603389002,0.0,2364.0,3641.0,9686.0,4546.0,4200.0,763.0,0.0
603389004,0.0,4008.0,0.0,0.0,6047.0,4073.0,0.0,0.0
603389016,0.0,0.0,857.0,0.0,0.0,376.0,0.0,0.0
603389020,0.0,0.0,0.0,0.0,0.0,1633.0,0.0,0.0
603389021,5653766.8549999995,1.1382309437E7,1.1916185618E7,1.6956685571000002E7,2.1381733002E7,2.3733851774E7,1.8203061E7,908317.0
603389022,0.0,7421.0,0.0,1240.0,9569.0,25609.0,3625.0,0.0
603389028,2525824.204,5145233.624999999,1.5640437615E7,4.0339619758999996E7,7306611.001,2860808.0,1647573.5,329100.5
603389032,70239.0,1330460.0,2483212.722,9241218.194,9147727.901,1.03369063E7,7113376.01,1241510.0
603389102,0.0,0.0,0.0,37807.0,0.0,2583.0,0.0,0.0
603389121,5580604.614,9710703.415,1.0486688212E7,1.6207418341E7,2.4320926003E7,2.4437889E7,1.79943909E7,806750.0
603389122,0.0,0.0,0.0,11902.0,6504.0,78284.0,8911.0,0.0
603389128,2830813.101,6038522.033,1.3225431264999999E7,5.0117739106000006E7,1.6515152001E7,9807947.0,4511934.0,1196695.0
603389132,112012.17,947574.06,2337264.136,1.4310202204E7,1.7952300016E7,1.6431071973E7,1.0056843E7,3320847.5
603389721,992757.635,773952.885,733747.64,1110238.0010000002,1276685.0,258725.0,97148.0,44614.0
603389728,201446.365,329109.6,219041.91,156555.06,120234.0,85437.0,24190.0,2414.0
603441521,524654.4809999999,371256.501,189924.64,162996.0,69626.0,27013.0,1013.0,0.0
603441621,67874.6,43089.880000000005,3818.0,0.0,0.0,0.0,0.0,0.0
603497821,0.0,0.0,0.0,8828.0,11334.0,32205.0,46013.0,15355.0
603497921,0.0,0.0,0.0,310946.0,366432.0,1301159.0,89039.0,12035.0
603497928,0.0,0.0,0.0,98644.0,66139.0,158091.0,36189.0,1275.0
603498221,0.0,0.0,3905.0,2903634.0,9058289.002,9089626.0,663419.0,157077.0
603498228,0.0,0.0,0.0,848135.0,1792038.0,1334176.0,347578.0,42557.0
603499021,8755016.967,9400461.725000001,9606896.185,1.0019272033E7,4447159.21,2326660.0,1069783.5,254344.6
603499028,484707.0,1235562.3,711682.8200000001,1051449.0010000002,913493.5,1049708.5,451098.5,112890.0
603499121,1.1226247794E7,1.6070457420000002E7,1.6537032906E7,1.5789959718E7,1.0470860120000001E7,1.153827314E7,9520676.0,3267442.5
603499128,636192.02,1524182.24,1265783.625,1327832.0,1093615.5,1217569.0,553120.0,184975.0
603499221,1.232335052E7,1.6552512354E7,1.6765381114E7,1.5017579847E7,9246553.121000001,8837202.0,6616034.0,2500027.0
603499228,874709.7,2067029.761,1590124.26,1409203.138,1464471.0,2136049.0,918986.0,355478.0
603499321,0.0,0.0,0.0,0.0,11801.0,65179.0,138154.0,78104.0
603499421,0.0,0.0,0.0,0.0,0.0,38940.0,33468.0,16446.0
603499721,314101.11699999997,238743.063,126137.783,0.0,0.0,0.0,0.0,0.0
603499821,1.5267057060999999E7,1.6098937512999998E7,1.5781111363000002E7,2.5264007237999998E7,1.9496445007E7,1.3905866E7,757358.0,167028.0
603499828,3685880.226,2871765.744,3082138.232,4009229.0330000003,2749197.0,1350831.0,626068.0,92458.0
603511021,11943.0,0.0,0.0,0.0,0.0,0.0,0.0,0.0
603546521,4351.0,0.0,0.0,0.0,0.0,0.0,0.0,0.0
603546621,636.0,0.0,0.0,0.0,0.0,0.0,0.0,0.0
603546628,0.0,0.0,800.0,0.0,0.0,0.0,0.0,0.0
603546632,6821.0,1025.0,0.0,0.0,0.0,0.0,0.0,0.0
603546728,67584.0,925.0,0.0,0.0,0.0,0.0,0.0,0.0
603546732,5463.0,746.0,0.0,0.0,0.0,0.0,0.0,0.0
603546828,116416.0,1122.0,782.0,0.0,0.0,0.0,0.0,0.0
603546832,63175.0,0.0,1985.0,0.0,0.0,0.0,0.0,0.0
603901354,0.0,0.0,0.0,5095.0,0.0,0.0,0.0,0.0
603901358,0.0,0.0,1657310.2,1.1008830577E7,1775585.781,5070.0,0.0,0.0
60432070605,0.0,0.0,0.0,0.0,0.0,197580.5,496159.2,267705.0
60505017101,253930.0,773427.955,120033.0,585779.0,36961.0,0.0,0.0,0.0
60505017102,422704.428,807514.41,2271405.87,738574.0,9878.0,0.0,0.0,0.0
60505017108,440190.755,2322668.63,3568854.12,2054852.59,65365.5,4102.0,0.0,0.0
60505081301,7155.1669999999995,8969.5,5503.0,0.0,6894.0,13113.0,11954.5,4116.2
60505264401,0.0,0.0,0.0,0.0,351009.0,494662.0,364002.0,68399.0
60505264405,0.0,0.0,0.0,0.0,72444.0,196836.0,238664.0,58252.0
60505353801,86946.0,0.0,1440.0,0.0,0.0,0.0,0.0,0.0
60505353901,336987.0,1050.0,2908.0,0.0,0.0,0.0,0.0,0.0
60505354001,52323.0,0.0,0.0,0.0,0.0,0.0,0.0,0.0
60505700102,42747.151,72021.015,41650.932,115.0,77.0,116.0,69.0,0.0
60505700202,46156.17,67597.98999999999,46982.009,0.0,0.0,0.0,0.0,0.0
60505700302,22365.095,37056.001,26863.995,205.0,0.0,0.0,0.0,0.0
60505700402,32875.09,45877.986,32075.945,0.0,0.0,0.0,0.0,0.0
60505700602,0.0,0.0,35407.0,131668.0,183157.0,251589.0,208317.0,70268.0
60505700702,0.0,0.0,26383.0,122192.0,157268.0,156540.0,118510.0,32428.2
60505700802,0.0,0.0,17011.0,73229.0,95809.025,91395.0,61592.0,14270.0
60505700902,0.0,0.0,17079.0,78524.001,106372.0,99308.0,60575.0,14758.0
60505701002,0.0,0.0,0.0,0.0,0.0,23042.0,40169.0,10763.0
60505701102,0.0,0.0,0.0,0.0,323.0,0.0,0.0,0.0
60505701202,0.0,0.0,0.0,60.0,0.0,0.0,0.0,0.0
60793043001,18889.0,0.0,0.0,0.0,0.0,0.0,0.0,0.0
60793043020,0.0,0.0,0.0,0.0,66905.0,851742.0,857421.0,403524.0
60793043101,21505.0,0.0,0.0,0.0,0.0,0.0,0.0,0.0
60793043120,0.0,0.0,0.0,0.0,49790.0,783712.0,762070.0,372717.0
60793043301,7934.0,0.0,0.0,0.0,0.0,0.0,0.0,0.0
60793043320,0.0,0.0,0.0,0.0,9727.0,235010.0,243200.0,104291.0
60793043401,6819.0,0.0,0.0,0.0,0.0,0.0,0.0,0.0
60793043420,0.0,0.0,0.0,0.0,11036.0,246690.0,210796.0,88015.0
60793043501,1600.0,0.0,0.0,0.0,0.0,0.0,0.0,0.0
60793043520,0.0,0.0,0.0,0.0,0.0,67923.0,66104.0,27842.0
60793043701,1754.0,0.0,0.0,0.0,0.0,0.0,0.0,0.0
60793043720,0.0,0.0,0.0,0.0,1890.0,60185.0,69717.0,26118.0
60793052501,0.0,1260.0,0.0,0.0,0.0,0.0,0.0,0.0
60793060301,8841.0,1565.0,0.0,0.0,0.0,0.0,0.0,0.0
60793060401,600.0,0.0,0.0,0.0,0.0,0.0,0.0,0.0
60793060501,69198.06,34710.03,10992.97,6981.0,0.0,0.0,0.0,0.0
60793060601,83572.15,48853.88,13976.0,2219.0,328.0,0.0,0.0,0.0
60793060701,66001.0,34499.0,20160.0,5370.0,480.0,0.0,0.0,0.0
60793060801,126604.09,72817.0,33950.0,7492.0,0.0,0.0,0.0,0.0
60951031070,153919.0,91549.12,1296.0,0.0,0.0,0.0,0.0,0.0
60951060270,3234322.95,2861701.0,1539237.9409999999,1648098.4,2284699.001,748075.0,105971.0,51579.0
60951060285,7866554.671999999,6353147.692,3137311.077,3625197.001,3525976.0,3493226.0,2424413.0,547506.0
60951065270,4110432.914,1739282.608,1190503.916,654230.0,3996711.0,2248334.0,591777.0,113971.0
60951065370,5835037.591,2618307.7800000003,825000.513,825491.0,4890385.0,2205650.0,455243.0,75196.0
60951065570,4356867.732,2466938.412,272580.61,378015.0,2316154.0,958502.0,253605.0,32392.0
60951065870,2541151.076,1284211.538,121514.072,103123.0,828081.0,365007.0,80049.0,9441.0
60951065970,284890.58999999997,118001.095,0.0,690.0,54150.0,24589.0,3330.0,0.0
60951070070,6690899.7469999995,5999198.311000001,1670663.888,2121679.0,1502020.0,629030.0,295086.0,65454.0
60951071270,4.1259069183E7,3.8346041187E7,1.3875294437E7,1.8516440729000002E7,1.3740887120000001E7,1.2496669E7,7600000.0,2197789.0
60951079470,194827.81,46568.88,0.0,17840.0,48326.0,58829.0,23046.0,0.0
60951079570,507834.71499999997,84269.27100000001,6207.0,109904.0,176158.0,280648.0,128662.0,12377.0
60951079670,1501277.476,1154204.034,536645.99,4286.0,0.0,0.0,0.0,0.0
60951079770,5884988.532000001,4489432.387,889891.0610000001,0.0,0.0,0.0,0.0,0.0
62037052401,1504332.003,1312822.338,955566.0,406451.0,265368.0,927531.0,636332.0,204618.0
62037052405,41037.0,11252.0,8741.0,10729.0,5463.0,15591.0,13138.0,4307.0
62037056701,2159963.5250000004,110435.73,16984.0,0.0,0.0,0.0,0.0,0.0
62065530,720.0,0.0,0.0,0.0,0.0,0.0,0.0,0.0
62065730,17270.0,0.0,0.0,0.0,0.0,0.0,0.0,0.0
62559015116,0.0,0.0,0.0,0.0,0.0,1335504.7600000002,2331557.6400000006,986432.71
62559016701,0.0,0.0,0.0,0.0,0.0,27505.0,132503.0,48321.0
62584055901,11690.515,4871.15,5709.0,2589.361,649.0,25.0,12.0,0.0
62584073801,34028.001000000004,72525.803,6024.602000000001,0.0,0.0,0.0,0.0,0.0
62756045983,0.0,0.0,0.0,0.0,0.0,0.0,47732.0,30115.0
62756046083,0.0,0.0,0.0,0.0,0.0,0.0,519700.0,801830.5
62756097083,0.0,0.0,0.0,0.0,0.0,0.0,0.0,34891.0
63304040001,5783.0,0.0,0.0,0.0,0.0,0.0,0.0,0.0
63304040101,11287.0,0.0,0.0,0.0,0.0,0.0,0.0,0.0
63304045001,0.0,0.0,0.0,0.0,0.0,1078601.0,1388946.0,251892.0
63304045101,0.0,0.0,0.0,0.0,0.0,1386767.0,1667318.0,498527.0
63304045201,0.0,0.0,0.0,0.0,0.0,123147.0,171992.0,42405.0
63304045301,0.0,0.0,0.0,0.0,0.0,16851.0,20080.0,0.0
63304056101,2948.0,0.0,0.0,0.0,0.0,0.0,0.0,0.0
63304056105,27334.0,0.0,0.0,0.0,0.0,0.0,0.0,0.0
63304056201,18457.0,0.0,0.0,0.0,0.0,0.0,0.0,0.0
63304056210,315114.5,6164.0,0.0,0.0,0.0,0.0,0.0,0.0
63304068301,0.0,0.0,0.0,0.0,0.0,408256.0,299490.0,0.0
63304068401,0.0,0.0,0.0,0.0,0.0,270096.0,368905.0,61537.0
63304075801,0.0,0.0,0.0,0.0,0.0,571561.0,634748.0,155760.0
63459051630,2550.0,0.0,0.0,0.0,0.0,0.0,0.0,0.0
63459054228,2922.0,0.0,0.0,0.0,0.0,0.0,0.0,0.0
63459054428,0.0,2271.0,0.0,0.0,0.0,0.0,0.0,0.0
63459054628,13576.0,8464.0,2016.0,1064.0,1512.0,5124.0,6036.0,0.0
63459054828,16282.0,2922.0,18068.0,3808.0,2760.0,3728.0,0.0,0.0
63481012170,3650.0,0.0,0.0,0.0,0.0,0.0,0.0,0.0
63481016160,0.0,0.0,0.0,0.0,0.0,26230.0,20789.0,0.0
63481020760,0.0,0.0,0.0,0.0,0.0,36585.0,70582.0,1110.0
63481034860,0.0,0.0,0.0,0.0,0.0,21275.0,55215.0,0.0
63481043470,0.0,42394.0,0.0,0.0,0.0,0.0,0.0,0.0
63481043670,0.0,74812.001,877.0,0.0,0.0,0.0,0.0,0.0
63481043870,0.0,34336.0,0.0,0.0,0.0,0.0,0.0,0.0
63481043970,0.0,92944.0,1470.0,0.0,0.0,0.0,0.0,0.0
63481044070,0.0,103016.0,0.0,0.0,0.0,0.0,0.0,0.0
63481051960,0.0,0.0,0.0,0.0,0.0,2480.0,22889.0,0.0
63481052270,29839.0,0.0,0.0,0.0,0.0,0.0,0.0,0.0
63481055370,209588.0,4848.0,0.0,0.0,0.0,0.0,0.0,0.0
63481057170,1521815.063,590725.0,10794.257,1286.0,0.0,0.0,0.0,0.0
63481061270,72797.0,7801.0,0.0,0.0,0.0,0.0,0.0,2070.0
63481061370,222174.27000000002,40405.91,0.0,0.0,5437.0,4900.0,1076.0,0.0
63481061770,2296078.0409999997,890417.0,22358.657,0.0,630.0,0.0,0.0,0.0
63481062170,0.0,0.0,0.0,42.0,0.0,0.0,0.0,0.0
63481062270,13644.0,3040.0,0.0,0.0,0.0,0.0,0.0,0.0
63481062370,86657.092,48182.003,42433.801,23768.0,33616.0,35207.0,7930.0,2197.0
63481062375,35215.634000000005,21941.305999999997,11829.515,7406.0,618.0,0.0,0.0,0.0
63481062385,0.0,0.0,0.0,273.0,165.0,145.0,0.0,0.0
63481062770,18464.0,247.0,0.0,0.0,0.0,0.0,0.0,0.0
63481062870,10376.0,0.0,0.0,0.0,160.0,847.0,824.0,20.0
63481062970,339706.39,217541.41999999998,175714.02,147803.0,119649.5,95458.0,72058.0,33989.0
63481067470,1403147.368,516456.664,9723.064,0.0,0.0,0.0,0.0,0.0
63481068560,0.0,0.0,0.0,0.0,0.0,0.0,7275.0,0.0
63481069370,3557051.099,1243807.0,24959.260000000002,0.0,1765.0,0.0,0.0,0.0
63481069870,26370.0,1320.0,0.0,0.0,0.0,0.0,0.0,0.0
63481081260,0.0,39487.0,181583.0,236864.392,119057.0,50352.0,24739.0,0.0
63481081360,0.0,0.0,20421.0,50800.0,9704.0,3293.0,1369.0,0.0
63481081460,0.0,520009.0,793290.26,770914.118,513744.0,302731.0,125796.0,0.0
63481081560,0.0,0.0,162459.0,380131.0,262915.0,160646.0,65761.0,0.0
63481081660,0.0,892966.0,1158281.06,1109372.0240000002,796479.0,471410.0,194047.0,0.0
63481081760,0.0,580792.002,848178.241,755958.0,522038.0,315958.0,126457.0,0.0
63481081860,0.0,1032029.0,1214397.508,941730.0,648317.0,386605.0,161881.0,0.0
63481082060,0.0,0.0,0.0,0.0,0.0,0.0,2970.0,0.0
63481090770,295229.044,152362.006,5410.11,0.0,0.0,0.0,0.0,0.0
63717089516,400676.43799999997,177573.813,57753.5,0.0,0.0,0.0,0.0,0.0
63717090001,20186.0,5699.0,0.0,0.0,0.0,0.0,0.0,0.0
63717090101,139831.0,58673.0,1069.0,11.0,0.0,0.0,0.0,0.0
63717090201,527158.0,299144.0,3982.0,0.0,0.0,0.0,0.0,0.0
63739000410,11923.0,14396.011,21190.501,31950.015,68728.0,9559.0,2605.0,136.0
63739000415,0.0,38.0,0.0,0.0,0.0,0.0,0.0,0.0
63739013001,2451.001,2007.001,6623.0,14.0,0.0,0.0,0.0,0.0
63739013010,5786.0,2583.2,92.0,0.0,0.0,0.0,0.0,0.0
63739013015,306.0,211.0,0.0,0.0,0.0,0.0,0.0,0.0
63739013110,2358.0,0.0,0.0,57.0,0.0,0.0,0.0,0.0
63739014110,284.0,16295.0,0.0,0.0,0.0,0.0,0.0,0.0
63739014115,18.0,0.0,0.0,0.0,0.0,0.0,0.0,0.0
63739032610,0.0,0.0,0.0,0.0,0.0,0.0,4585.0,1801.0
63739036510,0.0,0.0,0.0,0.0,0.0,800.0,1178.0,348.5
63739038410,26694.92,2954.5,1368.0,658.0,0.0,0.0,0.0,0.0
63739045501,0.0,0.0,142.0,0.0,0.0,0.0,0.0,0.0
63739045510,1756.0,8447.0,3009.0,169.0,0.0,0.0,0.0,0.0
63739053210,0.0,9782.002,17543.404,25657.245000000003,22911.001,11150.008,2281.0,143.0
63739067110,0.0,0.0,0.0,9633.0,99951.5,26598.52,15890.575,3749.0
63739070410,0.0,0.0,0.0,454.0,27035.5,24367.699999999997,5424.0,170.0
63739070910,0.0,0.0,0.0,0.0,0.0,108.0,0.0,0.0
63857032211,26026.0,0.0,0.0,0.0,0.0,0.0,0.0,0.0
63857032311,11368.0,0.0,0.0,0.0,0.0,0.0,0.0,0.0
63857032411,9981.0,0.0,0.0,0.0,0.0,0.0,0.0,0.0
63857032511,30136.0,0.0,0.0,0.0,0.0,0.0,0.0,0.0
63857032611,15907.0,0.0,0.0,0.0,0.0,0.0,0.0,0.0
64376061101,115627.0,60779.0,19065.0,0.0,0.0,0.0,0.0,0.0
64376061131,36159.0,21429.0,2733.0,0.0,0.0,0.0,0.0,0.0
64376064301,32625.0,110752.0,442680.0,814312.001,687874.0,502120.0,183939.0,9297.0
64376064305,0.0,0.0,13958.0,250578.0,224010.0,144401.0,32910.0,0.0
64376064801,0.0,106983.0,1571850.004,3710985.005,2656497.001,1725491.0,512835.0,54914.0
64376064805,0.0,0.0,60164.0,305410.0,222805.0,90147.0,22633.0,781.0
64376064901,955.0,88240.11,1188397.999,2165611.016,1433940.017,963575.0,313267.0,22216.0
64376064905,0.0,0.0,18980.0,165572.0,129852.0,58520.0,18995.0,600.0
64720022410,456531.0,6821.0,0.0,0.0,102413.0,99894.0,130816.0,93640.0
64720022510,624614.0,0.0,0.0,0.0,87780.0,161369.0,164623.0,147417.0
64720022610,34803.03,0.0,0.0,0.0,10422.0,28333.0,183647.0,262647.0
64720025810,0.0,0.0,0.0,0.0,0.0,2140.0,0.0,0.0
64720025910,0.0,0.0,0.0,0.0,0.0,5512.0,0.0,0.0
64720030410,0.0,501.0,0.0,0.0,0.0,0.0,0.0,0.0
64720030411,20353.0,0.0,0.0,0.0,0.0,0.0,0.0,0.0
64950035303,3315.0,0.0,0.0,0.0,0.0,0.0,0.0,0.0
64950035405,0.0,0.0,0.0,0.0,0.0,0.0,85.6,0.0
64950035450,0.0,0.0,0.0,1516181.19,3741677.6010000003,4695288.350000001,3731066.2399999998,1484303.05
64950090110,73005.14,3632.0,0.0,0.0,0.0,0.0,0.0,0.0
64980017601,0.0,0.0,0.0,0.0,0.0,0.0,705.0,0.0
65162003310,819.0,0.0,60243.0,158884.0,899786.0,3231824.0,1692952.0,494165.0
65162003311,0.0,0.0,634125.001,1408833.0,1.0156346E7,1.9832277E7,1.4960252E7,5267651.0
65162003350,1032.0,0.0,0.0,0.0,0.0,0.0,0.0,0.0
65162004710,0.0,0.0,0.0,115623.0,1564965.0,1.1376974E7,9573263.4,2629026.0
65162004750,0.0,0.0,0.0,0.0,0.0,14994.0,68858.0,28726.0
65162004810,0.0,0.0,0.0,66142.0,985920.0,3054571.0,2520595.5,987305.0
65162004910,0.0,0.0,0.0,136859.0,909743.0,2354305.0,1176195.0,483384.0
65162004950,0.0,0.0,0.0,0.0,0.0,84238.0,160832.0,129813.0
65162005010,0.0,0.0,0.0,16507.0,190914.0,721457.0,876185.0,332584.0
65162005110,0.0,0.0,0.0,181362.0,2030119.0,3237391.0,2188810.0,757107.0
65162005150,0.0,0.0,0.0,0.0,0.0,130443.0,377445.0,256099.0
65162011510,0.0,0.0,0.0,0.0,0.0,0.0,379842.0,98534.0
65162011511,0.0,0.0,0.0,0.0,0.0,0.0,2507079.0,1244240.0
65162011550,0.0,0.0,0.0,0.0,0.0,999.0,2235405.0,1008076.0
65162012010,21975.12,184259.012,0.0,0.0,0.0,0.0,0.0,0.0
65162012050,84423.23999999999,154528.0,0.0,0.0,0.0,0.0,0.0,0.0
65162012711,11671.0,0.0,0.0,0.0,0.0,0.0,0.0,0.0
65162020710,0.0,0.0,0.0,1776.0,2725305.0,5477468.0,3771775.0,718546.0
65162020750,0.0,0.0,0.0,0.0,265048.0,799463.0,1599004.0,588785.0
65162041503,0.0,0.0,3570416.004,7638428.005,8027215.308,6347483.0,1.2899585969999999E7,7702252.73
65162041603,0.0,0.0,176671.0,390626.0,453349.5,421155.5,686939.0,378629.5
65162061710,1925885.554,2123881.9869999997,1828270.616,641630.0,39923.0,12764.0,0.0,0.0
65162061711,280188.41500000004,361917.62,290484.31,231530.0,39202.0,1323.0,0.0,1017.0
65162061750,2055075.387,2041019.703,1907237.016,945630.06,60198.12,24801.0,3539.0,0.0
65162062710,1.6538320988E7,1.7740665654E7,5525915.261,4231161.092,7795234.722,8264661.443999999,1.8037848504E7,6563304.0
65162062711,1.41899175568E8,1.02210983471E8,6.9770098825E7,7.36555992E7,6.0049634818E7,5.7658028743E7,5.130474097800001E7,1.1537176428E7
65162062750,2.6391280382999998E7,2.3944625984E7,3.1195901914999995E7,3.8501543592E7,3.0368804305999998E7,1.9543388377E7,1.2916209591E7,7933749.0
65162067510,0.0,0.0,0.0,0.0,0.0,0.0,1306.0,26297.0
65162069610,0.0,0.0,0.0,0.0,0.0,0.0,11439.0,4028.0
65224031060,0.0,0.0,0.0,0.0,0.0,0.0,19691.0,16073.0
65224031560,0.0,0.0,0.0,0.0,0.0,0.0,17574.0,5518.0
65224032060,0.0,0.0,0.0,0.0,0.0,9624.0,0.0,0.0
65224033060,0.0,0.0,0.0,0.0,0.0,6171.0,20472.0,11704.0
65224034060,0.0,0.0,0.0,0.0,0.0,0.0,880.0,1574.0
65224035060,0.0,0.0,0.0,0.0,0.0,0.0,1080.0,930.0
65597030110,0.0,0.0,0.0,0.0,0.0,0.0,4326.0,40119.0
65597030210,0.0,0.0,0.0,0.0,0.0,0.0,1019.0,24615.0
66479054110,1835.0,0.0,0.0,0.0,0.0,0.0,0.0,0.0
66479054210,910.0,0.0,0.0,0.0,0.0,0.0,0.0,0.0
66479058010,40762.0,1497.0,0.0,0.0,0.0,0.0,0.0,0.0
66479058025,66.0,983.0,511.0,0.0,0.0,0.0,0.0,0.0
66479058110,34582.0,14205.0,1877.0,0.0,0.0,0.0,0.0,0.0
66479058210,129428.0,47883.0,0.0,0.0,0.0,0.0,0.0,0.0
66479058305,70.0,0.0,0.0,0.0,0.0,0.0,0.0,0.0
66479058350,1856.0,0.0,0.0,0.0,0.0,0.0,0.0,0.0
66689002416,5173478.1559999995,3564194.15,183829.8,0.0,0.0,0.0,0.0,0.0
66689002450,0.0,0.0,0.0,192.27,0.0,0.0,0.0,0.0
66689002530,0.0,0.0,19050.0,72500.0,51056.1,5580.0,3630.0,0.0
66689003216,0.0,0.0,0.0,34058.0,3832.0,0.0,0.0,0.0
66689040101,0.0,0.0,0.0,0.0,21.0,579.0,233.571,115.0
66689040150,0.0,0.0,345.8,1043.8,731.0,680.9200000000001,0.0,0.0
66689040316,0.0,2529392.2,6636795.622000001,4375728.042,3595113.555,2486176.7,1613335.74,513317.6
66689069430,0.0,0.0,1390.0,0.0,0.0,0.0,0.0,0.0
66689069439,341546.0,617534.35,107711.4,5388.0,0.0,0.0,0.0,0.0
66689069479,2097221.0,0.0,0.0,5975.0,0.0,0.0,225602.0,1172915.5
66689071116,0.0,0.0,3677.97,385.82,72321.4,2280393.5600000005,661100.1000000001,0.0
66689089840,349.25,0.0,0.0,0.0,718.0,5469.5,3546.75,0.0
66992031010,14171.0,0.0,0.0,0.0,0.0,0.0,0.0,0.0
66992034010,185140.0,72729.0,0.0,0.0,0.0,0.0,0.0,0.0
67767012018,71982.85,120444.861,42882.97,265.0,0.0,0.0,0.0,0.0
67767012118,107021.1,136107.94199999998,74833.025,591.0,0.0,0.0,0.0,0.0
67767012218,86869.23999999999,106167.801,65566.01000000001,695.0,0.0,0.0,0.0,0.0
67767012318,124077.312,159994.935,80027.018,2041.0,0.0,0.0,0.0,0.0
67877011601,0.0,699717.5,3186359.0,5722310.601,1.7917414702E7,1.61958785E7,9000609.99,3191705.5
68025005330,2687.09,1342.0,0.0,0.0,0.0,0.0,0.0,0.0
68025005530,0.0,410.0,0.0,0.0,0.0,0.0,0.0,0.0
68084004811,0.0,0.0,0.0,0.0,0.0,0.0,47.0,0.0
68084010001,0.0,0.0,0.0,1715.0,1009.0,705.0,854.0,97.0
68084014501,2310.0,978.0,171.0,0.0,0.0,0.0,0.0,31.0
68084015701,0.0,0.0,0.0,56.0,0.0,0.0,0.0,0.0
68084018401,0.0,125.0,118.0,598.0,969.0,78.0,30.0,0.0
68084018411,0.0,0.0,0.0,0.0,0.0,226.0,0.0,0.0
68084035301,298.0,1406.0320000000002,907.0049999999999,46.0,161.0,0.0,0.0,0.0
68084035401,17115.005,760.0029999999999,1698.0,6143.0,20229.0,2316.0,3000.0,373.0
68084035411,0.0,0.0,0.0,77.0,576.0,689.5,822.0,919.0
68084035501,40896.0,17957.0,22141.001,37976.0,30242.004,6641.5,4387.0,1835.0
68084035511,89.0,584.0,1243.0,391.5,4820.0,4288.5,3729.0,1813.0
68084036801,6967.0,10700.0,32987.002,15591.0,10023.51,4027.8,465.0,0.0
68084036811,87.0,706.0,686.0,309.0,491.0,102.0,38.0,0.0
68084037201,11027.0,1817.0,822.1,7884.0,8840.0,234.0,240.0,103.0
68084037211,0.0,65.0,0.0,0.0,116.0,327.5,0.0,0.0
68084037301,0.0,0.0,0.0,1715.0,5177.0,0.0,0.0,0.0
68084037801,42.0,4412.0,1670.0,2856.0,0.0,0.0,0.0,0.0
68084040311,0.0,0.0,68.0,0.0,0.0,0.0,0.0,0.0
68084042301,0.0,0.0,0.0,103.0,4223.0,1312.001,383.0,40.0
68084042311,0.0,0.0,20.5,0.0,13.0,0.0,0.0,0.0
68084047211,0.0,0.0,0.0,0.0,0.0,13.0,11.0,0.0
68084049601,0.0,0.0,0.0,0.0,14.0,17.0,0.0,0.0
68084060101,0.0,0.0,0.0,0.0,797.0,556.0,260.0,175.0
68084069911,0.0,0.0,0.0,58.5,102.0,0.0,0.0,0.0
68084071011,0.0,0.0,0.0,0.0,0.0,0.0,147.0,0.0
68084073801,0.0,0.0,0.0,1488.0,0.0,0.0,0.0,0.0
68084080801,0.0,0.0,0.0,0.0,0.0,123.0,88.0,26.0
68084080811,0.0,0.0,0.0,431.1,1134.0,53.0,27.0,0.0
68084086301,0.0,0.0,0.0,0.0,22.0,254.0,467.0,105.0
68084086309,0.0,0.0,0.0,1332.8,57.0,53.0,0.0,0.0
68084086311,0.0,0.0,0.0,0.0,55.0,72.0,67.0,103.0
68084088401,0.0,0.0,0.0,0.0,49.0,202.0,58.0,0.0
68084088409,0.0,0.0,0.0,0.0,60.0,2713.0,0.0,0.0
68084088411,0.0,0.0,0.0,0.0,469.0,151.0,468.0,138.0
68084089501,0.0,0.0,0.0,0.0,0.0,75.0,1262.0,891.0
68084089509,0.0,0.0,0.0,1199.805,10798.0,10046.5,15038.0,8948.0
68084089511,0.0,0.0,0.0,0.0,1423.0,2580.5,5227.0,3429.5
68094075458,0.0,0.0,0.0,33.0,0.0,0.0,0.0,0.0
68180038306,2224.21,74631.841,128672.0,122490.0,1739.0,0.0,0.0,0.0
68180038406,1030.03,43716.013999999996,71350.06,61630.111999999994,0.0,0.0,0.0,0.0
68180038506,746.028,16984.0,33102.972,30760.111,0.0,0.0,0.0,0.0
68180069706,0.0,0.0,0.0,29535.0,201319.0,253238.0,229033.0,95066.0
68180069806,0.0,0.0,0.0,13688.0,98041.0,122424.0,138494.0,57839.0
68180069906,0.0,0.0,0.0,12325.0,69208.541,78094.0,90100.0,38382.0
68308002003,0.0,0.0,0.0,0.0,0.0,3015.0,4810.0,870.0
68308010801,0.0,0.0,0.0,0.0,13154.0,220349.0,339595.0,95695.0
68308011101,0.0,0.0,0.0,0.0,143598.0,993225.0,1177410.0,452660.0
68308011201,0.0,0.0,0.0,0.0,93029.0,850464.0,723487.0,196746.0
68308014501,0.0,108680.0,590331.04,368370.3,356235.0,241777.0,94529.0,33053.0
68308014510,1128.0,0.0,0.0,0.0,0.0,0.0,0.0,0.0
68308020830,11307.001,198.0,0.0,0.0,0.0,0.0,0.0,0.0
68308040547,0.0,0.0,0.0,22.0,11161.0,23890.6,5185.6,338.0
68308047547,0.0,0.0,0.0,0.0,0.0,155.0,21.0,0.0
68308050547,0.0,0.0,0.0,1770.0,284.0,5349.0,1401.01,376.0
68308084001,0.0,0.0,0.0,0.0,1290.0,2898.0,2461.0,0.0
68308084101,0.0,0.0,0.0,0.0,397555.0,2385114.0,1885904.82,433981.0
68308084201,0.0,0.0,0.0,0.0,90363.0,189628.0,76847.0,5657.0
68308084301,0.0,0.0,0.0,0.0,207608.0,1866279.0,809499.0,47313.0
68308084501,0.0,0.0,0.0,0.0,1066.0,5211.0,968.0,0.0
68382031901,508929.0,10786.0,13538.0,17352.0,42852.0,13648.0,17768.0,6088.0
68382031910,2.5361659301999997E7,6.743120606E7,6.9496187152E7,7.6533647194E7,6.5438524918000005E7,6.6641801E7,5.6624652504E7,2.3219441003E7
68382033401,0.0,0.0,0.0,0.0,7970.0,17513.0,11990.0,17475.0
68382033405,0.0,0.0,804593.002,1081889.031,918511.0,1353488.0,1211413.001,455603.0
68382079301,0.0,0.0,34038.0,357652.0,213629.0,94165.0,19809.0,11826.0
68382079401,0.0,0.0,4663649.002,1.55776545E7,2.1757128644E7,2.204989118E7,2.1173158501000002E7,6140541.2
68382079501,0.0,0.0,11505.0,77236.0,66676.0,63965.0,99834.0,37522.0
68382079601,0.0,0.0,792788.002,3599115.387,5424905.121,5698175.6,4879430.0,1704182.0
68382079701,0.0,0.0,1161.0,48248.0,30856.0,26634.0,36099.0,7251.0
68382090301,0.0,0.0,0.0,0.0,1219161.0,4551502.0,3352653.0,581479.0
68382090401,0.0,0.0,0.0,0.0,1327865.0,4390784.0,3141890.0,846063.0
68382090501,0.0,0.0,0.0,0.0,582618.0,1770938.0,1163719.0,282031.0
68382090601,0.0,0.0,0.0,0.0,167806.0,562877.0,320125.0,73049.0
68382090701,0.0,0.0,0.0,0.0,5809.0,40583.0,26740.0,2954.0
68453082503,226524.18,26885.0,0.0,0.0,0.0,0.0,0.0,0.0
68453091110,114506.0,2794.0,0.0,0.0,0.0,0.0,0.0,0.0
68453091210,7383.0,0.0,0.0,0.0,0.0,0.0,0.0,0.0
68453091310,12206.0,0.0,0.0,0.0,0.0,0.0,0.0,0.0
68462020401,1717776.873,1495594.1509999998,607358.76,506577.08999999997,507674.0,333414.0,250228.0,90106.0
68462034737,367276.79000000004,366441.59,373698.93,143365.14,100152.2,53793.0,17133.0,0.0
69344011311,0.0,0.0,0.0,0.0,0.0,0.0,6193.0,7986.0
69344021311,0.0,0.0,0.0,0.0,0.0,0.0,23333.0,20772.0
69543013610,0.0,0.0,0.0,0.0,96728.0,619942.0,325811.0,47120.0
69543013611,0.0,0.0,0.0,0.0,672947.0,1.2304166499E7,1.6972708494999997E7,8015364.012
69543013650,0.0,0.0,0.0,0.0,24410.0,1606313.0,1843690.0,871928.0
69865021002,0.0,0.0,0.0,0.0,0.0,0.0,169937.0,362671.0
69865022002,0.0,0.0,0.0,0.0,0.0,0.0,93983.0,171993.0
69865023002,0.0,0.0,0.0,0.0,0.0,0.0,99169.0,217039.0
69865024002,0.0,0.0,0.0,0.0,0.0,0.0,33125.0,70044.0
69865024502,0.0,0.0,0.0,0.0,0.0,0.0,44924.0,52221.0
69865025002,0.0,0.0,0.0,0.0,0.0,0.0,17539.0,38706.0
69865026002,0.0,0.0,0.0,0.0,0.0,0.0,9163.0,15024.0
69865026501,0.0,0.0,0.0,0.0,0.0,0.0,4082.0,7723.0
713070489,0.0,0.0,0.0,4946933.175,8559887.71,9234212.16,3184317.5670000003,24696.7
74194912,303.0,50.0,0.0,301.0,91.0,0.0,0.0,0.0
74194914,37183.22,11152.0,70.0,0.0,0.0,0.0,0.0,0.0
74194954,385.0,0.0,0.0,0.0,0.0,0.0,0.0,0.0
74197314,78759.12,25280.0,0.0,0.0,0.0,0.0,0.0,0.0
74227414,9713.0,0.0,0.0,0.0,0.0,0.0,0.0,0.0
74304113,0.0,6892.0,527176.031,1763896.001,336563.001,99760.0,27760.0,0.0
74304153,0.0,0.0,688.0,117546.0,778197.0,469413.0,185095.0,7019.0
74304313,0.0,9091.0,405249.31,1159036.0,243551.0,60358.0,14849.0,0.0
74304353,0.0,0.0,0.0,67036.0,391210.0,258777.0,108557.0,1654.0
74305413,0.0,0.0,107147.0,318792.0,77948.0,13220.0,1691.0,0.0
74305453,0.0,0.0,0.0,20734.0,158124.0,118885.0,41225.0,0.0
76439013610,0.0,0.0,0.0,58844.0,373419.0,28380.0,1170.0,0.0
76439013611,0.0,0.0,0.0,698848.0,1.0290109E7,1339817.0,114654.0,0.0
76439013650,0.0,0.0,0.0,316542.0,3260732.0,262752.0,35737.0,0.0
781570301,0.0,0.0,0.0,0.0,57887.0,83832.0,27207.0,0.0
781572601,0.0,0.0,0.0,0.0,135730.0,169869.0,53685.0,0.0
781576701,0.0,0.0,0.0,0.0,115863.0,114692.0,53465.0,12842.0
781578501,0.0,0.0,0.0,0.0,140922.0,158373.0,54502.0,5398.0
781711155,8261.055,309.0,0.0,0.0,0.0,0.0,0.0,0.0
781711255,12070.0,1252.0,0.0,0.0,0.0,0.0,0.0,0.0
781711355,4430.0,0.0,0.0,0.0,0.0,0.0,0.0,0.0
781711455,16791.05,251.0,0.0,0.0,0.0,0.0,0.0,0.0
781724055,43093.04,91974.975,37415.97,118265.03000000001,158914.001,164010.2,110617.0,23516.0
781724155,48404.065,46421.49,15444.01,25841.0,26365.0,31285.0,19167.0,3434.0
781724255,54694.065,57436.96,36023.994999999995,35761.0,44876.01500000001,48584.0,21337.0,2905.0
781724355,41512.055,39790.994999999995,7273.965,19523.0,22882.0,24701.0,11581.0,3024.0
781724455,69337.195,56243.009,11758.929,27533.001,32755.0,28191.0,19934.0,3602.0
785635001,22013.0,2468.0,0.0,1420.0,0.0,0.0,0.0,0.0
832022500,0.0,0.0,0.0,8064.0,36049.0,41053.0,33039.0,11851.0
832022600,0.0,0.0,0.0,16274.0,61155.0,47877.0,32008.0,7407.0
832022700,0.0,0.0,0.0,17188.0,43574.0,31553.0,29340.0,6327.0
832022800,0.0,0.0,0.0,4385.0,18860.0,16216.0,6878.0,1950.0
832022900,0.0,0.0,0.0,5424.0,27123.0,22021.0,2318.0,0.0
832023000,0.0,0.0,0.0,2623.0,18630.0,13731.0,8772.0,1190.0
832023300,0.0,0.0,0.0,3671.0,24702.0,6084.0,1705.0,0.0
904344061,150079.40099999998,40123.0,698.0,6388.0,0.0,0.0,0.0,0.0
904555661,526.0,47.0,34.0,0.0,0.0,0.0,0.0,0.0
904611961,7778.0,6016.0,15606.0,1314.0,537.0,0.0,0.0,0.0
904636561,0.0,0.0,0.0,0.0,2961.0,1804.0,3776.5,1638.5
904641961,0.0,0.0,0.0,0.0,44987.0,38060.0,5787.0,781.0
904642061,0.0,0.0,0.0,0.0,0.0,264.0,2338.0,974.0
904642161,0.0,0.0,0.0,0.0,21351.0,1575.0,3585.0,197.0
904643761,0.0,0.0,0.0,0.0,0.0,15698.0,3867.0,2139.0
904643861,0.0,0.0,0.0,0.0,0.0,52.0,28.0,56.0
904643961,0.0,0.0,0.0,0.0,0.0,213.0,1883.0,773.0
904644461,0.0,0.0,0.0,0.0,236.0,9061.0,15998.5,7799.0
904644561,0.0,0.0,0.0,0.0,0.0,40.0,0.0,0.0
904656761,0.0,0.0,0.0,0.0,0.0,613.0,17714.2,9894.4
904763261,860.0,1298.0,2804.0,0.0,0.0,0.0,0.0,0.0
93005001,268058.61100000003,249843.78499999997,264782.86,267184.0,275193.9,206602.0,127654.0,28974.0
93005801,3.357431871E7,3.7031562328E7,3.7579244694E7,4.4282674044E7,4.3120829283E7,3.8125033602E7,6748982.5,279375.466
93005805,3.5866419489E7,3.979752655600001E7,4.0862415373E7,3.96486243E7,4.9499393949E7,5.4831525733E7,4.4142090507E7,2.0178133001000002E7
93015001,1913710.3509999998,2229741.702,2502384.1450000005,2653112.001,3466195.0,3751599.0,2386913.0,820658.0
93015010,1.5271030185999999E7,1.3920643761000002E7,1.6185532716E7,1.6743209105999999E7,2.1014037734999996E7,2.510143E7,1.815097198E7,3381295.0
93015093,0.0,309.0,0.0,0.0,0.0,0.0,0.0,0.0
93035001,1892382.372,2176540.315,2358392.735,2698304.001,4772735.0,5690688.0,3674192.0,1036391.0
93035005,750602.508,855748.06,1166487.773,1630207.0,2795105.0,2344967.0,1603768.0,805292.0
93035010,191188.0,187836.824,182636.76,185573.02,1011668.0,1284709.0,853565.0,363382.0
93049005,55097.0,0.0,2659.0,0.0,0.0,0.0,0.0,0.0
93089001,1479.0,0.0,0.0,0.0,0.0,0.0,0.0,0.0
93089005,101309.0,5098.0,2451.0,0.0,0.0,0.0,0.0,0.0
93360040,0.0,0.0,0.0,0.0,0.0,0.0,2741.0,260.0
93360140,0.0,0.0,0.0,0.0,0.0,0.0,7006.0,2364.0
93360240,0.0,0.0,0.0,0.0,0.0,0.0,760.0,0.0
93360340,0.0,0.0,0.0,0.0,0.0,0.0,5118.0,1806.0
93516101,2673088.4250000003,2933941.201,1786907.11,997406.42,28249.0,0.0,0.0,0.0
93537365,7464.0,0.0,0.0,0.0,0.0,0.0,0.0,0.0
93537465,780.0,0.0,0.0,0.0,0.0,0.0,0.0,0.0
93537565,7182.0,0.0,0.0,0.0,0.0,0.0,0.0,0.0
93537856,67027.292,35687.135,25628.717,8759.0,1576.0,1984.5,7210.0,4168.0
93537956,615952.172,354383.621,51587.955,27720.3,14074.0,10093.0,8984.0,0.0
93572056,0.0,0.0,0.0,0.0,19018.0,63876.0,17903.0,0.0
93572156,0.0,0.0,0.0,0.0,731931.003,1584295.0,631080.25,8708.0
93573101,0.0,0.0,0.0,0.0,2744.0,488486.0,394660.07,158762.0
93573201,0.0,0.0,0.0,0.0,4372.0,691483.0,437048.0,164982.0
93573301,0.0,0.0,0.0,0.0,0.0,239179.0,400054.0,167252.0
93573401,0.0,0.0,0.0,0.0,0.0,215345.0,253679.0,146304.0
93586101,0.0,0.0,12231.0,62935.0,46226.0,50744.0,6322.0,0.0
93586201,0.0,0.0,70983.001,275785.0,304884.001,233208.0,17318.0,0.0
93690045,201.0,0.0,0.0,0.0,0.0,0.0,0.0,0.0
93690145,2459.0,0.0,0.0,36.0,0.0,0.0,0.0,0.0
93690245,903.0,0.0,0.0,0.0,0.0,0.0,0.0,0.0
93690345,578.0,0.0,0.0,0.0,0.0,0.0,0.0,0.0
93786765,0.0,0.0,0.0,0.0,0.0,780.0,0.0,0.0
