1657120150,0.0,0.0,0.0,0.0,0.0,0.0,0.0,0.0,0.0,0.0,0.0,0.0,0.0,0.0,0.0,0.0,0.0,0.0,39967.0,363886.345,3092191.0740000005,8417351.896000002,1.0571250062E7,1.2732413601E7,1.435364081E7,1.3891104068E7,6941568.6
1657120210,0.0,0.0,0.0,0.0,0.0,0.0,0.0,0.0,0.0,0.0,0.0,0.0,0.0,0.0,0.0,0.0,0.0,0.0,0.0,438531.344,1249398.971,3272435.7010000004,6251380.744999999,7916501.3,1.1644492804E7,1.0200483E7,4365364.0
2438590526,0.0,0.0,0.0,0.0,0.0,0.0,0.0,183252.0,531550.0,712196.0,974324.0,1318045.958,1108138.0,1212977.25,1575368.0,1817411.9200000002,833312.06,697824.0,1166145.0,2117829.8619999997,2998930.9960000003,3092468.4020000002,3299789.4719999996,6667885.294,5107114.4,6629938.0,2927739.6
2930012510,0.0,0.0,0.0,0.0,0.0,0.0,0.0,0.0,0.0,0.0,0.0,0.0,0.0,0.0,0.0,0.0,0.0,48812.1,687662.0,1108129.737,1482610.67,2109255.68,4566363.599000001,7541064.952999999,1.0390934628000002E7,1.0263415852999996E7,8810629.834
3720564326,0.0,0.0,0.0,0.0,0.0,0.0,0.0,35820.0,210163.0,350225.0,1059473.2,2678352.96,2223306.09,2884114.3200000003,3521237.12,2716718.37,1956146.0,1762074.73,1697865.0,2483446.616,3017896.8890000004,2881107.3200000003,2254919.8,1719367.2,2300722.5,2318216.0,443372.0
4988493547,0.0,0.0,0.0,0.0,0.0,0.0,0.0,0.0,0.0,0.0,0.0,0.0,0.0,0.0,0.0,0.0,0.0,0.0,0.0,0.0,0.0,0.0,0.0,0.0,5887678.917,2.3203654408E7,1.3632018741E7
5038358416,0.0,0.0,0.0,0.0,0.0,0.0,0.0,0.0,0.0,0.0,0.0,0.0,0.0,0.0,0.0,0.0,0.0,0.0,0.0,0.0,0.0,0.0,0.0,0.0,0.0,1.8191963396E7,3.4428183653000005E7
5374619010,0.0,0.0,0.0,0.0,0.0,0.0,0.0,0.0,0.0,0.0,0.0,0.0,0.0,0.0,25446.0,44667.0,107199.0,347607.4,4415872.001,9369471.530000001,1.2245946553000001E7,1.2941970010000002E7,1.7283594755000003E7,9525479.701000001,3087618.0439999998,1438119.0,391758.0
6348168447,0.0,0.0,0.0,0.0,0.0,0.0,0.0,0.0,0.0,0.0,0.0,0.0,0.0,0.0,0.0,0.0,0.0,512611.0,3915462.0,8207692.0,2.7444461474000003E7,6.539655205199999E7,7.528505636200002E7,8.336079002399999E7,5.6803529417E7,3.5553398974999994E7,2.0773748093000002E7
6516283366,0.0,0.0,0.0,0.0,0.0,0.0,0.0,0.0,0.0,0.0,0.0,0.0,0.0,0.0,0.0,0.0,0.0,0.0,0.0,0.0,0.0,0.0,0.0,0.0,3.0176677581000004E7,5.4200288198E7,3.0464724883E7
