378015505,2.393731382E7,3.1189237686000004E7,2.8661114384E7,2.5888013061999995E7,2.4037525239E7,2.2850982641E7,3.6729452752E7,4.4657429337E7,3.2718621752E7,2.8378455550000004E7,3.9126703122999996E7,3.1943059786E7,2.16418664E7,1.71694837E7,5827850.279999999,3465595.0,2308990.0,1908136.7,1733589.0,17630.0,0.0,0.0,0.0,0.0,0.0,0.0,0.0
406035705,0.0,0.0,0.0,0.0,911680.13,2550807.308,1.0009318593E7,1.8301069842E7,2.1788551002E7,4.6956411088E7,6.983293715699999E7,1.00842760813E8,1.2561631014800002E8,1.4677908306E8,8.969691296499999E7,6.3028135331E7,6.5616360968E7,6.3295212546E7,9.9379446938E7,9.5785479351E7,7.944567346599999E7,6.3653132284E7,4027225.129,61660.107,7258.0,35656.0,0.0
406051201,0.0,0.0,0.0,2853.0,895765.828,1236204.962,5120447.499,8500927.530000001,1.171663202E7,1.4846581041000001E7,1.7535251601999998E7,2.4243237968000002E7,3.227347088E7,4.76287512E7,2.840255457E7,2.8579404E7,3.3306659162E7,3.4735749E7,5.740822593E7,5.4715430772E7,5.199414736E7,5.0296671055E7,2.9854103176E7,2.4893376073E7,1.9736250596E7,2.335121E7,1.0678762E7
45065960,0.0,0.0,0.0,2.7310995951E7,7.6166315346E7,7.8177857098E7,1.03557580013E8,1.03390967691E8,1.0291097286899999E8,1.1480970863200001E8,6.6936799802999996E7,4030820.74,1676485.53,1294677.75,370630.5,280979.0,238029.0,190563.3,58787.0,357.0,19.0,0.0,0.0,0.0,0.0,0.0,0.0
54457125,1380587.0,1573348.303,2376217.003,2921579.68,4931045.675000001,4707379.759000001,7854289.913,1.0318987808E7,1.3289243564000001E7,1.8746120693E7,2.6206741512E7,2.8949701621E7,3.16139553E7,3.4299208467999995E7,1.9778389759999998E7,1.658977094E7,2.082920796E7,2.043456127E7,3.2927246661E7,4.0701434197E7,4.3598004518E7,3.4266138246E7,2.4712077343999997E7,1.4980420792000001E7,1.29641005E7,8829258.030000001,2788447.5
591034905,0.0,0.0,0.0,0.0,0.0,0.0,0.0,0.0,0.0,0.0,2.4661324680999998E7,6.6015191898E7,6.625734275000001E7,7.252700818699999E7,3.7497546798999995E7,4.983764304E7,5.5630999363E7,6.059545565E7,8.110878476E7,8.375172792300001E7,7.3789258984E7,5.0254263339E7,5513953.131,45156.03,37031.0,0.0,0.0
65162062711,0.0,0.0,0.0,0.0,0.0,0.0,0.0,0.0,0.0,0.0,0.0,0.0,0.0,0.0,0.0,4621815.9,4.31044642E7,5.9811977690000005E7,1.1984332916800001E8,1.41899175568E8,1.02210983471E8,6.9770098825E7,7.36555992E7,6.0049634818E7,5.7658028743E7,5.130474097800001E7,1.1537176428E7
68382031910,0.0,0.0,0.0,0.0,0.0,0.0,0.0,0.0,0.0,0.0,0.0,0.0,0.0,0.0,0.0,0.0,0.0,0.0,0.0,2.5361659301999997E7,6.743120606E7,6.9496187152E7,7.6533647194E7,6.5438524918000005E7,6.6641801E7,5.6624652504E7,2.3219441003E7
93005805,0.0,0.0,0.0,0.0,0.0,0.0,0.0,0.0,0.0,0.0,887453.0,1.043748E7,1.4216883E7,1.750257E7,1.1541427E7,1.279437509E7,1.2641037363E7,1.4795185E7,2.8667046077999998E7,3.5866419489E7,3.979752655600001E7,4.0862415373E7,3.96486243E7,4.9499393949E7,5.4831525733E7,4.4142090507E7,2.0178133001000002E7
93015010,1.82412E7,2.6897449245E7,2.8199589423E7,3.9910208746E7,4.8738954824E7,4.133786595400001E7,5.510101922800001E7,5.595781071E7,5.4290149341E7,5.504607071E7,4.8979129096E7,3.7025688719000004E7,3.2108391240000002E7,3.1595696886E7,2.4016512351999998E7,2.3283429E7,2.401619106E7,2.4805398479000002E7,1.5679870685999999E7,1.5271030185999999E7,1.3920643761000002E7,1.6185532716E7,1.6743209105999999E7,2.1014037734999996E7,2.510143E7,1.815097198E7,3381295.0
